2.4857;
2.67211;
2.69283;
2.69283;
2.69283;
2.69283;
2.69283;
2.69283;
2.69283;
2.69283;
2.69283;
2.69283;
2.69283;
2.69283;
2.69283;
2.69973;
2.70663;
2.71354;
2.72044;
2.72735;
2.73425;
2.73425;
2.73425;
2.73425;
2.73425;
2.73425;
2.73425;
2.73425;
2.73425;
2.73425;
2.73425;
2.73425;
2.73425;
2.73425;
2.73425;
2.73425;
2.73425;
2.73425;
2.73425;
2.73425;
2.73425;
2.73425;
2.73425;
2.73425;
2.73425;
2.73425;
2.73425;
2.73425;
2.73425;
2.73425;
2.73425;
2.72735;
2.72044;
2.71354;
2.70663;
2.69973;
2.69283;
2.68765;
2.68247;
2.67729;
2.67211;
2.66693;
2.66176;
2.65658;
2.6514;
2.6445;
2.63759;
2.63069;
2.62378;
2.61688;
2.60997;
2.60583;
2.60169;
2.59755;
2.5934;
2.58926;
2.58512;
2.58098;
2.57683;
2.57269;
2.56855;
2.56164;
2.55474;
2.54784;
2.54093;
2.53403;
2.52712;
2.52482;
2.52252;
2.52022;
2.51792;
2.51562;
2.51331;
2.51101;
2.50871;
2.50641;
2.50411;
2.50181;
2.49951;
2.4972;
2.4949;
2.4926;
2.4903;
2.488;
2.4857;
2.47978;
2.47386;
2.46794;
2.46203;
2.45611;
2.45019;
2.44427;
2.43835;
2.43244;
2.42652;
2.4206;
2.41468;
2.40876;
2.40284;
2.40285;
2.40285;
2.40285;
2.40285;
2.40285;
2.40285;
2.40077;
2.3987;
2.39663;
2.39456;
2.39249;
2.39042;
2.38835;
2.38627;
2.3842;
2.38213;
2.38006;
2.37799;
2.37592;
2.37385;
2.37178;
2.3697;
2.36763;
2.36556;
2.36349;
2.36142;
2.35728;
2.35314;
2.34899;
2.34485;
2.34071;
2.33657;
2.33242;
2.32828;
2.32414;
2.31999;
2.31811;
2.31623;
2.31435;
2.31246;
2.31058;
2.3087;
2.30681;
2.30493;
2.30305;
2.30116;
2.29928;
2.2974;
2.29552;
2.29363;
2.29175;
2.28987;
2.28798;
2.2861;
2.28422;
2.28233;
2.28045;
2.27857;
2.27857;
2.27857;
2.27857;
2.27857;
2.27857;
2.27857;
2.27857;
2.27857;
2.27857;
2.27857;
2.27857;
2.27857;
2.27857;
2.27857;
2.27857;
2.27857;
2.27857;
2.27857;
2.27857;
2.27857;
2.27857;
2.27857;
2.27857;
2.27857;
2.27857;
2.27857;
2.27857;
2.27857;
2.27857;
2.27857;
2.27857;
2.27857;
2.27857;
2.27857;
2.27857;
2.27857;
2.27857;
2.27857;
2.27857;
2.27857;
2.27857;
2.27857;
2.27857;
2.27857;
2.27857;
2.27857;
2.27857;
2.27857;
2.27857;
2.27857;
2.27857;
2.27857;
2.27857;
2.27857;
2.27857;
2.27857;
2.27857;
2.27857;
2.27857;
2.27857;
2.27857;
2.27857;
2.27857;
2.27857;
2.27857;
2.27857;
2.27857;
2.27857;
2.27857;
2.27857;
2.27857;
2.27857;
2.27857;
2.27857;
2.27857;
2.27857;
2.27857;
2.27857;
2.27857;
2.27857;
2.27857;
2.27857;
2.27857;
2.27857;
2.27857;
2.27857;
2.27857;
2.27857;
2.27857;
2.27857;
2.27857;
2.27857;
2.27857;
2.27857;
2.27857;
2.27857;
2.27857;
2.27857;
2.27857;
2.27857;
2.27857;
2.27857;
2.27857;
2.27857;
2.27857;
2.27857;
2.27857;
2.27857;
2.27857;
2.27857;
2.27857;
2.27857;
2.27857;
2.27857;
2.27857;
2.27857;
2.27857;
2.27857;
2.27857;
2.27857;
2.27857;
2.27857;
2.27857;
2.27857;
2.27857;
2.27857;
2.27857;
2.27857;
2.27857;
2.27857;
2.27857;
2.27857;
2.27857;
2.27857;
2.27857;
2.27857;
2.27857;
2.27857;
2.27857;
2.27857;
2.27857;
2.27857;
2.27857;
2.27857;
2.27857;
2.27857;
2.27857;
2.27857;
2.27857;
2.27857;
2.27857;
2.27857;
2.27857;
2.27857;
2.27857;
2.27857;
2.27857;
2.27857;
2.27857;
2.27857;
2.27857;
2.27857;
2.27857;
2.27857;
2.27857;
2.27857;
2.27857;
2.27857;
2.27857;
2.27857;
2.27857;
2.27857;
2.27857;
2.27857;
2.27857;
2.27857;
2.27857;
2.27857;
2.27857;
2.27857;
2.27857;
2.27857;
2.27857;
2.27857;
2.27857;
2.27857;
2.27857;
2.27857;
2.27857;
2.27857;
2.27857;
2.27857;
2.27857;
2.27857;
2.27857;
2.27857;
2.27857;
2.27857;
2.27857;
2.27857;
2.27857;
2.27857;
2.27857;
2.27857;
2.27857;
2.27857;
2.27857;
2.27857;
2.27857;
2.27857;
2.27857;
2.27857;
2.27857;
2.27857;
2.27857;
2.27857;
2.27857;
2.27857;
2.27857;
2.27857;
2.27727;
2.27598;
2.27468;
2.27339;
2.2721;
2.2708;
2.26951;
2.26821;
2.26692;
2.26562;
2.26433;
2.26303;
2.26174;
2.26044;
2.25915;
2.25785;
2.25656;
2.25527;
2.25397;
2.25268;
2.25138;
2.25009;
2.24879;
2.2475;
2.2462;
2.24491;
2.24361;
2.24232;
2.24102;
2.23973;
2.23844;
2.23714;
2.23714;
2.23714;
2.23714;
2.23714;
2.23714;
2.23714;
2.23714;
2.23714;
2.23714;
2.23714;
2.23714;
2.23714;
2.23714;
2.23714;
2.23714;
2.23714;
2.23714;
2.23714;
2.23714;
2.23714;
2.23714;
2.23714;
2.23714;
2.23714;
2.23714 ;
2.23714;
2.23714;
2.23714;
2.23714;
2.23714;
2.23714;
2.23714;
2.23714;
2.23714;
2.23714;
2.23714;
2.23714;
2.23714;
2.23714;
2.23714;
2.23714;
2.23714;
2.23714;
2.23714;
2.23714;
2.23714;
2.23714;
2.23714;
2.23714;
2.23714;
2.23714;
2.23714;
2.23714;
2.23714;
2.23714;
2.23714;
2.23714;
2.23714;
2.23714;
2.23714;
2.23714;
2.23714;
2.23714;
2.23714;
2.23714;
2.23714;
2.23714;
2.23714;
2.23714;
2.23714;
2.23714;
2.23714;
2.23714;
2.23714;
2.23714;
2.23714;
2.23714;
2.23714;
2.23714;
2.23714;
2.23714;
2.23714;
2.23714;
2.23714;
2.23714;
2.23714;
2.23714;
2.23714;
2.23714;
2.23714;
2.23714;
2.23714;
2.23714;
2.23714;
2.23714;
2.23714;
2.23714;
2.23714;
2.23714;
2.23714;
2.23714;
2.23714;
2.23714;
2.23714;
2.23714;
2.23714;
2.23714;
2.23714;
2.23714;
2.23714;
2.23714;
2.23714;
2.23714;
2.23714;
2.23714;
2.23714;
2.23714;
2.23714;
2.23714;
2.23714;
2.23714;
2.23714;
2.23714;
2.23714;
2.23714;
2.23714;
2.23714;
2.23714;
2.23714;
2.23714;
2.23714;
2.23714;
2.23714;
2.23714;
2.23714;
2.23714;
2.23714;
2.23714;
2.23714;
2.23714;
2.23714;
2.23714;
2.23714;
2.23714;
2.23714;
2.23714;
2.23714;
2.23714;
2.23714;
2.23714;
2.23714;
2.23714;
2.23714;
2.23714;
2.23714;
2.23714;
2.23714;
2.23714;
2.23714;
2.23714;
2.23714;
2.23714;
2.23714;
2.23714;
2.23714;
2.23714;
2.23714;
2.23714;
2.23714;
2.23714;
2.23714;
2.23714;
2.23714;
2.23714;
2.23714;
2.23714;
2.23714;
2.23714;
2.23714;
2.23714;
2.23714;
2.23714;
2.23714;
2.23714;
2.23714;
2.23714;
2.23714;
2.23714;
2.23714;
2.23714;
2.23714;
2.23714;
2.23714;
2.23714;
2.23714;
2.23714;
2.23714;
2.23714;
2.23714;
2.23714;
2.23714;
2.23714;
2.23714;
2.23714;
2.23714;
2.23714;
2.23714;
2.23714;
2.23714;
2.23714;
2.23714;
2.23714;
2.23714;
2.23714;
2.23714;
2.23714;
2.23714;
2.23714;
2.23714;
2.23714;
2.23714;
2.23714;
2.23714;
2.23714;
2.23714;
2.23714;
2.23714;
2.23714;
2.23714;
2.23714;
2.23714;
2.23714;
2.23714;
2.23714;
2.23714;
2.23714;
2.23714;
2.23714;
2.23714;
2.23714;
2.23714;
2.23714;
2.23714;
2.23714;
2.23714;
2.23714;
2.23714;
2.23714;
2.23714;
2.23714;
2.23714;
2.23714;
2.23714;
2.23714;
2.23714;
2.23714;
2.23714;
2.23714;
2.23714;
2.23714;
2.23714;
2.23714;
2.23714;
2.23714;
2.23714;
2.23714;
2.23714;
2.23714;
2.23714;
2.23714;
2.23714;
2.23714;
2.23714;
2.23714;
2.23714;
2.23714;
2.23714;
2.23714;
2.23714;
2.23714;
2.23714;
2.23714;
2.23714;
2.23714;
2.23714;
2.23714;
2.23714;
2.23714;
2.23714;
2.23714;
2.23714;
2.23714;
