18;
18;
18;
18;
18;
18;
18;
18;
18;
18;
18;
18;
18;
18;
18;
18;
18;
18;
18;
18;
18;
18;
18;
18;
18;
18;
18;
18;
18;
18;
18;
18;
18;
18;
18;
18;
18;
18;
18;
18;
18;
18;
18;
18;
18;
18;
18;
18;
18;
18;
18;
18;
18;
18;
18;
18;
18;
18;
18;
18;
8;
8;
5;
5;
5;
5;
5;
5;
3;
2;
2;
2;
2;
2;
19;
1;
1;
1;
1;
1;
1;
1;
1;
1;
1;
1;
1;
20;
18;
19;
20;
20;
20;
20;
20;
20;
20;
20;
20;
20;
20;
20;
20;
20;
20;
20;
20;
20;
20;
20;
20;
18;
20;
20;
20;
20;
20;
20;
20;
20;
20;
20;
20;
20;
20;
20;
20;
20;
20;
20;
20;
20;
20;
20;
20;
20;
20;
20;
20;
18;
20;
20;
20;
20;
20;
20;
18;
18;
18;
18;
18;
18;
5;
3;
2;
2;
2;
2;
2;
2;
2;
2;
2;
2;
2;
2;
2;
2;
2;
2;
18;
18;
18;
18;
18;
18;
18;
15;
6;
5;
3;
2;
2;
2;
2;
17;
20;
18;
18;
18;
18;
18;
18;
18;
18;
18;
18;
18;
18;
2;
2;
2;
18;
18;
18;
18;
18;
18;
18;
18;
18;
18;
18;
18;
18;
18;
18;
18;
18;
18;
18;
18;
18;
18;
18;
18;
18;
18;
18;
18;
19;
19;
19;
19;
19;
19;
19;
19;
19;
19;
19;
19;
19;
19;
19;
19;
19;
19;
19;
19;
19;
18;
19;
19;
19;
19;
19;
19;
19;
19;
19;
19;
19;
19;
19;
19;
19;
19;
19;
19;
19;
18;
19;
19;
19;
19;
19;
19;
19;
19;
19;
19;
19;
19;
19;
19;
19;
19;
19;
19;
19;
19;
19;
19;
19;
19;
19;
19;
19;
19;
19;
19;
19;
19;
19;
19;
19;
19;
19;
19;
19;
19;
19;
19;
19;
19;
19;
19;
19;
19;
19;
19;
19;
19;
19;
19;
19;
19;
19;
19;
19;
19;
19;
19;
19;
19;
18;
19;
19;
19;
19;
19;
19;
19;
19;
19;
19;
19;
19;
19;
19;
19;
19;
19;
19;
19;
19;
19;
19;
19;
19;
19;
19;
19;
19;
19;
19;
19;
19;
19;
19;
19;
19;
19;
19;
19;
19;
19;
19;
19;
19;
19;
19;
19;
19;
19;
19;
19;
19;
19;
19;
19;
19;
19;
19;
19;
19;
19;
19;
19;
19;
19;
19;
19;
18;
19;
19;
19;
19;
19;
19;
19;
19;
19;
19;
19;
19;
19;
19;
19;
19;
19;
4;
2;
2;
2;
2;
2;
2;
2;
2;
2;
2;
2;
2;
2;
2;
2;
2;
2;
2;
2;
2;
2;
2;
2;
2;
2;
2;
12;
16;
20;
20;
20;
20;
20;
20;
20;
20;
20;
20;
20;
20;
20;
20;
20;
20;
20;
20;
20;
20;
20;
20;
20;
20;
20;
20;
20;
20;
20;
20;
20;
20;
20;
20;
20;
20;
20;
20;
20;
20;
20;
20;
20;
20;
20;
20;
20;
20;
20;
20;
20;
20;
20;
20;
20;
20;
20;
20;
20;
20;
20;
20;
20;
20;
20;
20;
20;
20;
20;
20;
20;
20;
20;
20;
20;
20;
20;
20;
20;
20;
20;
20;
20;
20;
20;
20;
20;
20;
20;
20;
20;
20;
20;
20;
20;
20;
20;
20;
20;
20;
20;
20;
20;
20;
20;
20;
20;
20;
20;
20;
20;
20;
20;
20;
20;
20;
20;
20;
20;
20;
20;
20;
20;
20;
20;
20;
20;
20;
20;
20;
20;
20;
20;
17;
17;
17;
17;
17;
17;
17;
17;
17;
17;
17;
17;
17;
17;
17;
17;
17;
17;
17;
17;
17;
17;
17;
17;
17;
17;
17;
17;
17;
17;
17;
17;
17;
17;
17;
17;
17;
17;
17;
17;
17;
17;
17;
17;
17;
17;
17;
17;
17;
17;
17;
17;
17;
17;
17;
17;
17;
17;
17;
17;
17;
17;
17;
17;
17;
17;
17;
17;
17;
17;
17;
17;
18;
18;
18;
18;
18;
18;
18;
18;
18;
18;
18;
18;
18;
18;
18;
18;
18;
18;
18;
18;
18;
18;
18;
18;
18;
18;
18;
18;
18;
18;
18;
18;
18;
18;
18;
18;
18;
18;
18;
18;
18;
18;
18;
18;
18;
18;
18;
18;
18;
18;
18;
18;
18;
18;
18;
18;
18;
18;
18;
18;
18;
18;
18;
18;
18;
