1160.96;
1581.32;
1581.32;
1581.32;
1581.32;
1581.32;
1581.32;
1581.32;
1581.32;
1581.32;
1581.32;
1581.32;
1581.32;
1581.32;
1581.32;
1581.32;
1581.32;
1581.32;
1581.32;
1476.23;
1476.23;
1423.68;
1397.41;
1371.14;
1371.14;
1371.14;
1318.6;
1301.08;
1283.57;
1266.05;
1266.05;
1266.05;
1266.05;
1266.05;
1239.78;
1213.51;
1213.51;
1213.51;
1213.51;
1213.51;
1213.51;
1213.51;
1108.42;
1108.42;
1108.42;
1108.42;
1108.42;
1108.42;
1082.15;
1055.88;
1055.88;
1055.88;
1055.88;
1003.33;
1003.33;
950.79;
950.79;
950.79;
950.79;
950.79;
950.79;
950.79;
950.79;
950.79;
933.275;
915.76;
898.246;
898.246;
898.246;
898.246;
898.246;
898.246;
898.246;
898.246;
845.702;
845.702;
819.43;
793.158;
793.158;
688.07;
740.614;
740.614;
740.614;
740.614;
740.614;
740.614;
740.614;
740.614;
740.614;
740.614;
740.614;
740.614;
740.614;
740.614;
740.614;
740.614;
740.614;
740.614;
740.614;
740.614;
740.614;
740.614;
740.614;
740.614;
740.614;
740.614;
740.614;
740.614;
766.886;
793.158;
845.702;
845.702;
845.702;
845.702;
871.974;
950.79;
950.79;
950.79;
950.79;
950.79;
950.79;
977.062;
1003.33;
1003.33;
1003.33;
1003.33;
1055.88;
1055.88;
1055.88;
1108.42;
1108.42;
1108.42;
1108.42;
1160.97;
1160.97;
1160.97;
1160.97;
1213.51;
1213.51;
1213.51;
1213.51;
1213.51;
1213.51;
1213.51;
1213.51;
1213.51;
1213.51;
1213.51;
1213.51;
1213.51;
1213.51;
1213.51;
1160.97;
1108.42;
1108.42;
1108.42;
1055.88;
1003.33;
950.79;
898.246;
898.246;
898.246;
845.702;
845.702;
845.702;
582.982;
530.438;
530.438;
530.438;
530.438;
530.438;
530.438;
530.438;
530.438;
530.438;
530.438;
530.438;
530.438;
530.438;
512.923;
495.409;
477.894;
477.894;
320.262;
320.262;
320.262;
320.262;
320.262;
320.262;
320.262;
320.262;
320.262;
320.262;
320.262;
320.262;
320.262;
320.262;
326.83;
333.398;
339.966;
346.534;
353.102;
359.67;
366.238;
372.806;
372.806;
372.806;
372.806;
372.806;
372.806;
372.806;
372.806;
372.806;
372.806;
372.806;
372.806;
372.806;
372.806;
372.806;
372.806;
372.806;
372.806;
372.806;
372.806;
399.078;
425.35;
442.865;
460.379;
477.894;
477.894;
477.894;
477.894;
477.894;
477.894;
477.894;
467.385;
456.876;
446.368;
435.859;
425.35;
425.35;
425.35;
425.35;
412.214;
399.078;
385.942;
372.806;
372.806;
372.806;
372.806;
372.806;
372.806;
372.806;
372.806;
372.806;
372.806;
372.806;
372.806;
372.806;
372.806;
372.806;
372.806;
372.806;
372.806;
372.806;
372.806;
372.806;
372.806;
372.806;
372.806;
425.35;
435.859;
446.368;
456.876;
467.385;
477.894;
477.894;
477.894;
477.894;
477.894;
491.03;
504.166;
517.302;
530.438;
530.438;
530.438;
543.574;
556.71;
569.846;
582.982;
582.982;
582.982;
582.982;
582.982;
582.982;
582.982;
582.982;
582.982;
582.982;
582.982;
582.982;
582.982;
582.982;
582.982;
582.982;
582.982;
582.982;
582.982;
582.982;
582.982;
582.982;
582.982;
425.351;
425.351;
425.351;
425.351;
425.351;
425.351;
425.351;
425.351;
425.351;
425.351;
425.351;
425.351;
425.351;
425.351;
425.351;
425.351;
425.351;
425.351;
425.351;
425.351;
425.351;
425.351;
425.351;
425.351;
425.351;
425.351;
425.351;
425.351;
425.351;
425.351;
425.351;
425.351;
425.351;
425.351;
425.351;
425.351;
425.351;
425.351;
425.351;
442.865;
425.351;
425.351;
425.351;
425.351;
425.351;
425.351;
425.351;
425.351;
425.351;
425.351;
425.351;
425.351;
425.351;
425.351;
425.351;
425.351;
407.836;
390.322;
372.807;
372.807;
372.807;
372.807;
372.807;
372.807;
372.807;
425.351;
425.351;
425.351;
425.351;
320.262;
320.262;
320.262;
320.262;
320.262;
320.262;
320.262;
320.262;
320.262;
320.262;
320.262;
320.262;
320.262;
320.262;
320.262;
320.262;
320.262;
320.262;
320.262;
320.262;
320.262;
320.262;
320.262;
320.262;
320.262;
320.262;
320.262;
390;
390;
355;
337.5;
320;
320;
320;
320;
308.333;
296.667;
285;
285;
267.5;
250;
215;
215;
215;
215;
215;
215;
215;
215;
215;
215;
215;
215;
215;
215;
215;
250;
250;
250;
285;
302.5;
320;
320;
320;
320;
320;
320;
320;
320;
285;
285;
285;
267.5;
250;
250;
250;
250;
250;
250;
250;
250;
250;
250;
250;
250;
250;
250;
215;
215;
250;
267.5;
320;
320;
355;
355;
355;
355;
355;
355;
355;
355;
337.5;
320;
320;
320;
320;
320;
308.333;
296.667;
285;
285;
285;
285;
285;
285;
285;
285;
285;
296.667;
308.333;
320;
320;
320;
355;
355;
366.667;
378.333;
390;
390;
390;
390;
390;
390;
390;
390;
390;
390;
390;
390;
390;
390;
390;
390;
390;
390;
390;
401.667;
413.333;
425;
436.667;
448.333;
460;
460;
460;
460;
460;
460;
460;
460;
460;
460;
460;
460;
460;
460;
460;
460;
460;
460;
460;
442.5;
425;
413.333;
401.667;
390;
390;
355;
355;
355;
355;
355;
355;
355;
355;
320;
320;
320;
320;
320;
320;
320;
320;
320;
285;
285;
250;
215;
215;
215;
215;
215;
215;
215;
215;
215;
215;
215;
215;
215;
215;
215;
215;
215;
180;
180;
180;
180;
180;
180;
187;
194;
201;
208;
215;
215;
222;
229;
236;
243;
250;
250;
250;
250;
250;
250;
250;
250;
250;
250;
261.667;
273.333;
320;
320;
328.75;
337.5;
320;
320;
320;
320;
320;
320;
320;
320;
320;
355;
372.5;
390;
425;
460;
477.5;
495;
512.5;
530;
547.5;
565;
600;
611.667;
623.333;
635;
670;
670;
705;
775;
798.333;
821.667;
845;
880;
897.5;
950;
973.333;
996.667;
1020;
1055;
1125;
1230;
1247.5;
1265;
1335;
1405;
1422.5;
1475;
1492.5;
1510;
1580;
1580;
1615;
1615;
1650;
1685;
1685;
1685;
1685;
1720;
1720;
1731.67;
1743.33;
1755;
1755;
1772.5;
1790;
1790;
1801.67;
1813.33;
1825;
1825;
1860;
1860;
1860;
1895;
1895;
1895;
1930;
1930;
1930;
1930;
1930;
1930;
1930;
1930;
1930;
1930;
1965;
1965;
1965;
2000;
2000;
2000;
2000;
2000;
2000;
