19;
19;
19;
18;
18;
9;
9;
20;
19;
18;
18;
18;
19;
18;
19;
18;
19;
18;
19;
18;
18;
18;
19;
18;
19;
2;
19;
1;
19;
20;
19;
19;
19;
19;
19;
19;
19;
19;
19;
19;
19;
19;
19;
19;
19;
19;
19;
19;
19;
19;
19;
19;
19;
17;
19;
18;
18;
18;
18;
18;
19;
18;
18;
11.6196;
19;
11.6875;
11.7214;
11.7554;
19;
11.8232;
11.8571;
11.9504;
12.0437;
12.137;
19;
12.3236;
12.4169;
12.5103;
12.6036;
12.6969;
19;
12.8835;
19;
13.0701;
13.1634;
19;
13.35;
19;
13.5366;
13.6299;
13.7232;
19;
13.9098;
14.0031;
14.0964;
19;
14.283;
19;
14.4696;
19;
14.6562;
19;
14.8428;
19;
15.0237;
19;
15.2047;
4;
1;
1;
1;
17;
20;
20;
20;
20;
20;
20;
20;
20;
20;
20;
19;
19;
19;
19;
19;
19;
19;
19;
19;
19;
19;
19;
19;
19;
19;
19;
19;
19;
19;
19;
19;
19;
19;
19;
19;
19;
19;
19;
19;
19;
19;
19;
19;
19;
19;
19;
19;
19;
19;
19;
19;
19;
19;
19;
19;
19;
19;
19;
19;
19;
19;
19;
19;
19;
19;
19;
19;
19;
19;
19;
19;
19;
19;
19;
19;
19;
19;
19;
19;
19;
19;
19;
19;
19;
19;
19;
19;
19;
19;
19;
19;
19;
19;
19;
19;
19;
19;
19;
19;
19;
19;
19;
19;
19;
19;
19;
19;
19;
19;
19;
19;
19;
19;
19;
11;
3;
3;
2;
2;
2;
2;
2;
2;
2;
2;
2;
2;
2;
2;
2;
2;
2;
2;
2;
16;
17;
17;
17;
17;
17;
17;
17;
17;
17;
17;
17;
17;
17;
17;
17;
17;
17;
17;
17;
17;
17;
17;
17;
17;
17;
17;
17;
17;
17;
17;
17;
17;
17;
17;
17;
17;
17;
17;
17;
17;
17;
17;
17;
17;
17;
17;
17;
17;
17;
20;
20;
20;
20;
20;
20;
20;
20;
20;
20;
20;
20;
20;
20;
20;
20;
20;
20;
20;
20;
20;
20;
20;
20;
20;
20;
20;
20;
20;
20;
20;
20;
20;
20;
20;
20;
20;
20;
20;
20;
20;
20;
20;
20;
3;
3;
3;
3;
3;
3;
3;
3;
3;
3;
3;
3;
14;
17;
17;
19;
19;
19;
19;
19;
19;
19;
19;
19;
19;
19;
19;
19;
19;
19;
19;
19;
19;
19;
19;
19;
19;
19;
19;
19;
19;
19;
19;
19;
19;
19;
19;
19;
19;
19;
19;
19;
19;
19;
19;
19;
19;
19;
19;
19;
19;
17;
17;
17;
19;
17;
17;
17;
17;
17;
17;
17;
17;
17;
17;
17;
17;
17;
17;
17;
17;
17;
17;
17;
17;
17;
17;
17;
17;
17;
17;
17;
17;
17;
17;
17;
17;
17;
17;
17;
17;
17;
17;
17;
17;
17;
17;
17;
17;
17;
17;
17;
17;
17;
17;
17;
17;
17;
17;
17;
17;
17;
17;
19;
17;
17;
17;
17;
17;
20;
20;
20;
20;
20;
20;
20;
20;
20;
20;
20;
20;
20;
20;
20;
20;
20;
20;
20;
20;
20;
20;
20;
20;
20;
20;
20;
20;
20;
20;
20;
20;
20;
20;
20;
20;
20;
20;
20;
20;
20;
20;
20;
20;
20;
20;
20;
20;
20;
20;
20;
20;
20;
20;
20;
20;
20;
20;
20;
20;
20;
20;
20;
20;
20;
20;
20;
20;
20;
20;
20;
20;
20;
20;
20;
20;
20;
20;
20;
20;
20;
20;
20;
20;
20;
20;
20;
20;
20;
20;
20;
20;
20;
20;
20;
20;
20;
20;
20;
20;
20;
20;
20;
20;
20;
20;
20;
20;
20;
20;
20;
13;
13;
13;
13;
13;
13;
13;
13;
13;
13;
13;
13;
13;
13;
13;
13;
13;
13;
13;
13;
13;
13;
13;
13;
13;
13;
20;
18;
16;
18;
18;
18;
18;
18;
18;
18;
18;
18;
18;
18;
18;
18;
18;
18;
18;
18;
18;
18;
18;
18;
13;
13;
18;
19;
19;
19;
19;
19;
19;
19;
19;
19;
19;
19;
19;
19;
19;
19;
19;
19;
19;
19;
19;
19;
19;
19;
19;
19;
19;
19;
19;
19;
19;
19;
19;
19;
19;
19;
19;
19;
19;
19;
19;
19;
19;
19;
19;
19;
19;
19;
19;
19;
19;
19;
19;
19;
19;
19;
19;
19;
19;
19;
19;
19;
19;
19;
19;
19;
19;
19;
19;
19;
19;
19;
19;
19;
19;
19;
19;
19;
19;
19;
19;
19;
19;
19;
19;
19;
19;
19;
19;
