2.44429;
2.44429;
2.44429;
2.44429;
2.44429;
2.44429;
2.44429;
2.44429;
2.44429;
2.44429;
2.44429;
2.44429;
2.44429;
2.44429;
2.44429;
2.44429;
2.44429;
2.44429;
2.44429;
2.44429;
2.44429;
2.44429;
2.44429;
2.44429;
2.44429;
2.44429;
2.44429;
2.44429;
2.44429;
2.44429;
2.44429;
2.44429;
2.44429;
2.44429;
2.44429;
2.44429;
2.44429;
2.44429;
2.44429;
2.44429;
2.44429;
2.44429;
2.44429;
2.44429;
2.44429;
2.44429;
2.44429;
2.44429;
2.44429;
2.44429;
2.44429;
2;
0;
0;
0;
0;
2.44429;
2.44429;
2.44429;
2.44429;
2.44429;
2.44429;
2.44429;
2.44429;
2.44429;
2.44429;
2.44429;
2.44429;
2.44429;
2.44429;
2.44429;
2.44429;
2.44429;
2.44429;
2.44429;
2.44429;
2.44429;
2.44429;
2.44429;
2.44429;
2.44429;
2.44429;
2.44429;
2.44429;
2.44429;
2.44429;
2.44429;
2.44429;
2.44429;
2.44429;
2.44429;
2.44429;
2.44429;
2.44429;
2.44429;
2.44429;
2.36143;
2.36143;
2.36143;
2.36143;
2.36143;
2.36143;
2.36143;
2.36143;
2.36143;
2.36143;
2.36143;
2.36143;
2.36143;
2.36143;
2.36143;
2.36143;
2.36143;
2.36143;
2.36143;
2.36143;
2.36143;
2.36143;
2.36143;
2.36143;
2.36143;
2.36143;
2.36143;
2.36143;
2.36143;
2.36143;
2.36143;
2.36143;
2.36143;
2.36143;
2.36143;
2.36143;
2.36143;
2.36143;
2.36143;
2.36143;
2.36143;
2.36143;
2.36143;
2.36143;
2.36143;
2.36143;
2.36143;
2.36143;
2.36143;
2.36143;
2.36143;
2.36143;
2.36143;
2.36143;
2.36143;
2.36143;
2.36143;
2.36143;
2.36143;
2.36143;
2.36143;
2.36143;
2.36143;
2.36143;
2.36143;
2.36143;
2.36143;
2.36143;
2.36143;
2.36143;
2.36143;
2.36143;
2.36143;
2.36143;
2.36143;
2.36143;
2.36143;
2.36143;
2.36143;
2.36143;
2.36143;
2.36143;
2.36143;
2.36143;
2.36143;
2.36143;
2.36143;
2.36143;
2.36143;
2.36143;
2.36143;
2.36143;
2.36143;
2.36143;
2.36143;
2.36143;
2.36143;
2.36143;
2.36143;
2.36143;
2.36143;
2.36143;
2.36143;
2.36143;
2.36143;
2.36143;
2.36143;
2.36143;
2.36143;
2.36143;
2.36143;
2.36143;
2.36143;
2.36143;
2.36143;
2.36143;
2.36143;
2.36143;
2.36143;
2.36143;
2.36143;
2.36143;
2.36143;
2.36143;
2.36143;
2.36143;
2.36143;
2.36143;
2.36143;
2.36143;
2.36143;
2.36143;
2.36143;
2.36143;
2.36143;
2.36143;
2.36143;
2.36143;
2.36143;
2.36143;
2.36143;
2.36143;
2.36143;
2.36143;
2.36143;
2.36143;
2.36143;
2.36143;
2.36143;
2.36143;
2.36143;
2.36143;
2.36143;
2.36143;
2.36143;
2.36143;
2.36143;
2.36143;
2.36143;
2.36143;
2.36143;
2.36143;
2.36143;
2.36143;
2.36143;
2.36143;
2.36143;
2.36143;
2.36143;
2.36143;
2.36143;
2.36143;
2.36143;
2.36143;
2.36143;
2.36143;
2.36143;
2.36143;
2.36143;
2.36143;
2.36143;
2.36143;
2.36143;
2.36143;
2.36143;
2.36143;
2.36143;
2.36143;
2.36143;
2.36143;
2.36143;
2.36143;
2.36143;
2.36143;
2.36143;
2.36143;
2.36143;
2.36143;
2.36143;
2.36143;
2.36143;
2.36143;
2.36143;
2.36143;
2.36143;
2.36143;
2.36143;
2.36143;
2.36143;
2.36143;
2.36143;
2.36143;
2.36143;
2.36143;
2.36143;
2.36143;
2.36143;
2.36143;
2.36143;
2.36143;
2.36143;
2.36143;
2.36143;
2.36143;
2.36143;
2.36143;
2.36143;
2.36143;
2.36143;
2.36143;
2.36143;
2.36143;
2.36143;
2.36143;
2.36143;
2.36143;
2.36143;
2.36143;
2.36143;
2.36143;
2.36143;
2.36143;
2.36143;
2.36143;
2.36143;
2.36143;
2.36143;
2.36143;
2.36143;
2.36143;
2.36143;
2.36143;
2.36143;
2.36143;
2.36143;
2.36143;
2.36143;
2.36143;
2.36143;
2.36143;
2.36143;
2.36143;
2.36143;
2.36143;
2.36143;
2.36143;
2.36143;
2.36143;
2.36143;
2.36143;
2.36143;
2.36143;
2.36143;
2.36143;
2.36143;
2.36143;
2.36143;
2.36143;
2.36143;
2.36143;
2.36143;
2.36143;
2.36143;
2.36143;
2.36143;
2.36143;
2.36143;
2.36143;
2.36143;
2.36143;
2.36143;
2.36143;
2.36143;
2.36143;
2.36143;
2.36143;
2.36143;
2.36143;
2.36143;
2.36143;
2.36143;
2.36143;
2.36143;
2.36143;
2.36143;
2.36143;
2.36143;
2.36143;
2.36143;
2.36143;
2.36143;
2.36143;
2.36143;
2.36143;
2.36143;
2.36143;
2.36143;
2.36143;
2.36143;
2.36143;
2.36143;
2.36143;
2.36143;
2.36143;
2.36143;
2.36143;
2.36143;
2.36143;
2.36143;
2.36143;
2.36143;
2.36143;
2.36143;
2.36143;
2.36143;
2.36143;
2.36143;
2.36143;
2.36143;
2.36143;
2.36143;
2.36143;
2.36143;
2.36143;
2.36143;
2.36143;
2.36143;
2.36143;
2.65144;
2.65144;
2.65144;
2.65144;
2.65144;
2.65144;
2.65144;
2.65303;
2.65462;
2.65622;
2.65781 ;
2.6594;
2.661;
2.66259;
2.66418;
2.66578;
2.66737;
2.66896;
2.67056;
2.67215;
2.67374;
2.67534;
2.67693;
2.67852;
2.68012;
2.68171;
2.6833;
2.6849;
2.68649;
2.68808;
2.68968;
2.69127;
2.69286;
2.69434;
2.69582;
2.6973;
2.69878;
2.70026;
2.70174;
2.70322;
2.7047;
2.70618;
2.70766;
2.70914;
2.71062;
2.7121;
2.71358;
2.71506;
2.71654;
2.71802;
2.7195;
2.72098;
2.72246;
2.72394;
2.72542;
2.7269;
2.72838;
2.72986;
2.73134;
2.73281;
2.73429;
2.73429;
2.73429;
2.73429;
2.73429;
2.73429;
2.73429;
2.73429;
2.73429;
2.73429;
2.73429;
2.73429;
2.73429;
2.73429;
2.73429;
2.73429;
2.73429;
2.73429;
2.73429;
2.73429;
2.73429;
2.73429;
2.73429;
2.73429;
2.73429;
2.73429;
2.73429;
2.73429;
2.73429;
2.73429;
2.73429;
2.73429;
2.73429;
2.73429;
2.73429;
2.73429;
2.73429;
2.73429;
2.73429;
2.73429;
2.73429;
2.73429;
2.73429;
2.73429;
2.73429;
2.73429;
2.73429;
2.73429;
2.73429;
2.73429;
2.73429;
2.73429;
2.73429;
2.73429;
2.73429;
2.73429;
2.73429;
2.73429;
2.73429;
2.73429;
2.73429;
2.73429;
2.73429;
2.73429;
2.73429;
2.73429;
2.73429;
2.73429;
2.73429;
2.73429;
2.73429;
2.73429;
2.73429;
2.73429;
2.73429;
2.73429;
2.73429;
2.73429;
2.73429;
2.73429;
2.73429;
2.73429;
2.73429;
2.73429;
2.73429;
2.73429;
2.73429;
2.73429;
2.73429;
2.73429;
2.73429;
2.73429;
2.73429;
2.73429;
2.73429;
2.73429;
2.73429;
2.73429;
2.73429;
2.73429;
2.73429;
2.73429;
2.73429;
2.73429;
2.73429;
2.73429;
2.73429;
2.73429;
2.73429;
2.72942;
2.72454;
2.71967;
2.7148;
2.70992;
2.70505;
2.70017;
2.6953;
2.69043;
2.68555;
2.68068;
2.6758;
2.67093;
2.66606;
2.66118;
2.65631;
2.65143;
2.64656;
2.64169;
2.63681;
2.63194;
2.62706;
2.62219;
2.61732;
2.61244;
2.60757;
2.60269;
2.59782;
2.59295;
2.58807;
2.5832;
2.57832;
2.57345;
2.56858;
2.5634;
2.55822;
2.55304;
2.54786;
2.54268;
2.5375;
2.53233;
2.52715;
2.52197;
2.51679;
2.51161;
2.50643;
2.50125;
2.49607;
2.4909;
2.48572;
2.48342;
2.48111;
2.47881;
2.47651;
2.47421;
2.47191;
2.46961;
2.4673;
2.465;
2.4627;
2.4604;
2.4581;
2.4558;
2.45349;
2.45119;
2.44889;
2.44659;
2.44429;
2.43864;
2.43299;
2.42734;
2.42169;
2.41604;
2.41039;
2.40474;
2.39909;
2.39344;
2.38779;
2.38214;
2.37649;
2.37085;
2.3652;
2.35955;
2.3539;
2.34825;
2.3426;
2.33695;
2.3313;
2.32565;
2.32;
2.31512;
2.31025;
2.30537;
2.3005;
2.29563;
2.29075;
2.28588;
2.281;
2.27613;
2.27126;
2.26638;
2.26151;
2.25663;
2.25176;
2.24689;
2.24201;
2.23714;
2.23226;
