2;
2;
8.33333;
18;
18;
18;
18;
3;
3;
3;
3;
3;
3;
3;
2;
2;
2;
2;
16;
16;
16;
16;
18;
18;
2;
18;
2;
18;
2;
18;
2;
18;
18;
18;
18;
18;
18;
18;
18;
18;
18;
18;
18;
18;
18;
18;
18;
18;
18;
18;
18;
18;
18;
18;
18;
18;
18;
18;
18;
18;
18;
18;
18;
18;
18;
18;
18;
18;
18;
18;
18;
18;
18;
18;
18;
18;
18;
12.6133;
12.5939;
12.5745;
12.5552;
12.5358;
12.5164;
12.497;
12.4776;
12.4582;
7;
7;
7;
7;
7;
7;
7;
6;
4;
3;
3;
3;
3;
3;
3;
3;
14;
15;
17;
17;
17;
17;
17;
17;
17;
17;
17;
17;
17;
17;
17;
17;
17;
17;
17;
17;
17;
1;
1;
1;
19;
16;
16;
16;
16;
16;
16;
16;
16;
16;
16;
16;
16;
2;
16;
16;
16;
16;
16;
16;
16;
16;
16;
16;
16;
2;
16;
16;
16;
16;
16;
16;
16;
16;
16;
16;
19;
19;
19;
19;
19;
19;
19;
19;
2;
19;
19;
19;
19;
19;
19;
19;
19;
19;
19;
19;
19;
19;
19;
19;
19;
19;
19;
19;
19;
19;
19;
19;
19;
9;
3;
2;
2;
2;
2;
2;
2;
2;
2;
2;
2;
2;
2;
2;
2;
2;
13;
10;
10;
10;
19;
19;
19;
19;
19;
19;
19;
19;
19;
19;
19;
19;
19;
19;
19;
19;
19;
19;
19;
19;
19;
19;
19;
19;
19;
19;
19;
19;
19;
19;
19;
19;
19;
19;
19;
2;
19;
19;
19;
19;
19;
19;
19;
19;
19;
19;
19;
19;
19;
19;
19;
19;
19;
19;
19;
19;
19;
19;
19;
19;
19;
19;
19;
19;
19;
19;
19;
19;
19;
19;
19;
19;
19;
19;
19;
19;
19;
19;
19;
19;
19;
19;
19;
19;
19;
19;
19;
19;
19;
19;
19;
19;
19;
19;
19;
19;
19;
19;
19;
19;
19;
19;
19;
19;
19;
19;
19;
19;
19;
19;
19;
19;
19;
19;
19;
19;
19;
19;
19;
19;
2;
19;
19;
19;
19;
19;
19;
19;
19;
19;
19;
19;
19;
19;
19;
19;
19;
19;
19;
19;
19;
19;
19;
19;
19;
19;
19;
19;
19;
19;
19;
19;
19;
19;
19;
19;
19;
19;
19;
19;
19;
19;
19;
19;
19;
19;
19;
19;
19;
19;
19;
19;
19;
19;
19;
19;
19;
19;
19;
19;
19;
19;
19;
19;
19;
19;
19;
19;
2;
19;
19;
19;
19;
19;
19;
19;
19;
19;
19;
19;
19;
19;
19;
19;
19;
19;
19;
19;
19;
19;
19;
19;
19;
19;
19;
19;
19;
19;
19;
19;
19;
19;
19;
19;
19;
19;
19;
19;
19;
19;
19;
19;
19;
19;
19;
19;
19;
19;
19;
19;
19;
19;
19;
19;
19;
19;
19;
2;
19;
19;
19;
19;
19;
19;
19;
19;
19;
19;
19;
19;
19;
19;
19;
19;
19;
19;
19;
19;
19;
19;
19;
19;
19;
19;
19;
19;
19;
19;
19;
19;
19;
19;
19;
19;
19;
19;
19;
19;
19;
19;
19;
19;
19;
19;
19;
19;
19;
19;
19;
19;
19;
19;
19;
19;
19;
19;
19;
19;
19;
19;
19;
19;
19;
19;
19;
19;
19;
19;
19;
19;
19;
19;
19;
19;
19;
19;
20;
20;
20;
20;
20;
20;
20;
20;
20;
20;
20;
20;
20;
20;
20;
20;
20;
20;
20;
20;
20;
20;
20;
20;
20;
20;
20;
20;
20;
20;
20;
20;
20;
20;
20;
20;
20;
20;
20;
20;
20;
20;
20;
20;
19;
19;
19;
19;
19;
19;
19;
19;
19;
19;
19;
19;
19;
19;
19;
19;
19;
19;
19;
19;
19;
19;
19;
19;
19;
19;
19;
19;
19;
19;
19;
19;
19;
19;
19;
19;
19;
19;
19;
19;
19;
19;
19;
19;
19;
19;
19;
19;
19;
19;
19;
19;
19;
19;
19;
19;
19;
19;
19;
19;
19;
19;
19;
2;
2;
2;
2;
2;
2;
2;
2;
2;
2;
2.33333;
2.33333;
2.33333;
2.33333;
2.33333;
2.33333;
2.33333;
2.33333;
2.33333;
2.33333;
2.33333;
2.33333;
2.33333;
2.33333;
2.33333;
2.33333;
2.33333;
2.33333;
17.3333;
2.33333;
2.33333;
2.33333;
2.33333;
2.33333;
2.33333;
2.33333;
2.33333;
2.33333;
2.33333;
2.33333;
2.33333;
2.33333;
2.33333;
2.33333;
2.33333;
2.33333;
2.33333;
16.6667;
2.33333;
2.33333;
2.33333;
2;
2;
2;
2;
2;
2;
2;
16.6667;
2.33333;
2.66667;
2.66667;
2.66667;
2;
2;
2;
2;
2;
2;
2;
2;
2;
