2.61;
2.61;
2.61;
2.61;
2.61;
2.61;
2.61;
2.61;
2.61;
2.61;
2.61;
2.61;
2.61;
2.61;
2.61;
2.61;
0;
0;
0;
0;
2;
2;
2.61;
2.61;
2.61;
2.61;
2.61;
2.61;
2.61;
2.61;
2.61;
2.61;
2.61;
2.61;
2.61;
2.61;
2.61;
2.61;
2.61;
2.61;
2.61;
2.61;
2.61;
2.61;
2.61;
2.61;
2.61;
2.61;
2.61;
2.61;
2.61;
2.61;
2.61;
2.61;
2.61;
2.61;
2.61;
2.61;
2.61;
2.61;
2.61;
2.61;
2.61;
2.61;
2.61;
2.61;
2.61;
2.61;
2.61;
2.61;
2.61;
2.61;
2.61;
2.61;
2.61;
2.61;
2.61;
2.61;
2.61;
2.61;
2.61;
2.61;
2.61;
2.61;
2.61;
2.61;
2.61;
2.61;
2.61;
2.61;
2.61;
2.61;
2.61;
2.61;
2.61;
2.61;
2.61;
2.61;
2.61;
2.61;
2.61;
2.61;
2.61;
2.61;
2.61;
2.61;
2.61;
2.61;
2.61;
2.61;
2.61;
2.61;
2.61;
2.61;
2.61;
2.61;
2.61;
2.61;
2.61;
2.61;
2.61;
2.61;
2.61;
2.61;
2.61;
2.61;
2.61;
2.61;
2.61;
2.61;
2.61;
2.61;
2.61;
2.61;
2.61;
2.61;
2.61;
2.61;
2.61;
2.61;
2.61;
2.61;
2.61;
2.61;
2.61;
2.61;
2.61;
2.61;
2.61;
2.61;
2.61;
2.61;
2.61;
2.61;
2;
0;
0;
0;
0;
0;
2.61;
2.61;
2.61;
2.61;
2.61;
2.61;
2.61;
2.61;
2.61;
2.61;
2.61;
2.61;
2.61;
2.61;
2.61;
2.61;
2.61;
2.61;
2.61;
2.61;
2.61;
2.61;
2.61;
2.61;
2.61;
2.61;
2.61;
2.61;
2.61;
2.61;
2.61;
2.61;
2.61;
2.61;
2.61;
2.61;
2.61;
2.61;
2.61;
2.61;
2.61;
2.61;
2.61;
2.61;
2.61;
2.61;
2.61;
2.61;
2.61;
2.61;
2.61;
2.61;
2.61;
2.61;
2.61;
2.61;
2.61;
2.61;
2.61;
2.61;
2.61;
2.61;
2.61;
2.61;
2.61;
2.61;
2.61;
2.61;
2.61;
2.61;
2.61;
2.61;
2.61;
2.61;
2.61;
2.61;
2.61;
2.61;
2.61;
2.61;
2.61;
2.61;
2.61;
2.61;
2.61;
2.61;
2.61;
2.61;
2.61;
2.61;
2.61;
2.61138;
2.61277;
2.61415;
2.61553;
2.61691;
2.61829;
2.61967;
2.62105;
2.62243;
2.62381;
2.62519;
2.62657;
2.62796;
2.62934;
2.63072;
2.6321;
2.63348;
2.63486;
2.63624;
2.63762;
2.639;
2.64038;
2.64177;
2.64315;
2.64453;
2.64591;
2.64729;
2.64867;
2.65005;
2.65143;
2.65281;
2.65419;
2.65557;
2.65696;
2.65834;
2.65972;
2.6611;
2.66248;
2.66386;
2.66524;
2.66662;
2.668;
2.66938;
2.67076;
2.67215;
2.67353;
2.67491;
2.67629;
2.67767;
2.67905;
2.68043;
2.68181;
2.68319;
2.68457;
2.68595;
2.68734;
2.68872;
2.6901;
2.69148;
2.69286;
2.69286;
2.69286;
2.69286;
2.69286;
2.69286;
2.69286;
2.69286;
2.69286;
2.69286;
2.69286;
2.69286;
2.69286;
2.69286;
2.69286;
2.69286;
2.69286;
2.69286;
2.69286;
2.69286;
2.69286;
2.69286;
2.69286;
2.69286;
2.69286;
2.69286;
2.69286;
2.69286;
2.69286;
2.69286;
2.69286;
2.69286;
2.69286;
2.69286;
2.69286;
2.69286;
2.69286;
2.69286;
2.69286;
2.69286;
2.69286;
2.69286;
2.69286;
2.69286;
2.69286;
2.69286;
2.69286;
2.69286;
2.69286;
2.69286;
2.69286;
2.69286;
2.69286;
2.69286;
2.69286;
2.69286;
2.69286;
2.69286;
2.69286;
2.69286;
2.69286;
2.69286;
2.69286;
2.69286;
2.69286;
2.69286;
2.69286;
2.69286;
2.69286;
2.69286;
2.69286;
2.69286;
2.69286;
2.69286;
2.69286;
2.69286;
2.69286;
2.69286;
2.69286;
2.69286;
2.69286;
2.69286;
2.69286;
2.69286;
2.69286;
2.69286;
2.69286;
2.69286;
2.69286;
2.69286;
2.69286;
2.69286;
2.69286;
2.69286;
2.69286;
2.69286;
2.69286;
2.69286;
2.69286;
2.69286;
2.69286;
2.69286;
2.69286;
2.69286;
2.69286;
2.69286;
2.69286;
2.69286;
2.69286;
2.69286;
2.69286;
2.69286;
2.69286;
2.69286;
2.69286;
2.69286;
2.69286;
2.69286;
2.69286;
2.69286;
2.69286;
2.69286;
2.69286;
2.69286;
2.69286;
2.68872;
2.68457;
2.68043;
2.67629;
2.67214;
2.668;
2.66386;
2.65972;
2.65557;
2.65143;
2.65143;
2.65143;
2.65143;
2.65143;
2.65143;
2.65143;
2.65143;
2.65143;
2.65143;
2.65143;
2.65143;
2.65143;
2.65143;
2.65143;
2.65143;
2.65143;
2.65143;
2.65143;
2.81715;
2.81715;
2.81715;
2.81715;
2.81715;
2.81715;
2.81715;
2.81715;
2.81715;
2.81715;
2.81715;
2.81715;
2.81508;
2.813;
2.81093;
2.80886;
2.80679;
2.80472;
2.80265;
2.80058;
2.79851;
2.79643;
2.79436;
2.79229;
2.79022;
2.78815;
2.78608;
2.78401;
2.78193;
2.77986;
2.77779;
2.77572;
2.77365;
2.77158;
2.76951;
2.76743;
2.76536;
2.76329;
2.76122;
2.75915;
2.75708;
2.75501;
2.75293;
2.75086;
2.74879;
2.74672;
2.74465;
2.74258;
2.74051;
2.73844;
2.73636;
2.73429;
2.7317;
2.72911;
2.72652;
2.72393;
2.72134;
2.71875;
2.71616;
2.71357;
2.71099;
2.7084;
2.70581;
2.70322;
2.70063;
2.69804;
2.69545;
2.69286;
2.69027;
2.68768;
2.68509;
2.6825;
2.67991;
2.67732;
2.67473;
2.67215;
2.66956;
2.66697;
2.66438;
2.66179;
2.6592;
2.65661;
2.65402;
2.65143;
2.64884;
2.64625;
2.64366;
2.64107;
2.63849;
2.6359;
2.63331;
2.63072;
2.62813;
2.62554;
2.62295;
2.62036;
2.61777;
2.61518;
2.61259;
2.61;
2.61;
2.61;
2.61;
2.61;
2.61;
2.61;
2.61;
2.61;
2.61;
2.61;
2.61;
2.61;
2.61;
2.61;
2.61;
2.61;
2.61;
2.61;
2.61;
2.61;
2.61;
2.61;
2.61;
2.61;
2.61;
2.61;
2.61;
2.61;
2.61;
2.61;
2.61;
2.61;
2.61;
2.61;
2.61;
2.61;
2.61;
2.61;
2.61;
2.61;
2.61;
2.61;
2.61;
2.61;
2.61;
2.61;
2.61;
2.61;
2.61;
2.61;
2.61;
2.61;
2.61;
2.61;
2.61;
2.61;
2.61;
2.61;
2.61;
2.61;
2.61;
2.61;
2.61;
2.61;
2.61;
1;
0;
0;
0;
0;
2.61;
2.61;
2.61;
2.61;
2;
2;
0;
0;
0;
0;
0;
0;
0;
0;
0;
0;
0;
0;
0;
0;
0;
0;
0;
0;
0;
0;
0;
0;
0;
0;
0;
0;
0;
0;
0;
0;
0;
0;
0;
0;
0;
0;
0;
2.61;
2.61;
2.61;
2.61;
2.61;
2.61;
2.61;
2.61;
2.61;
2.61;
2.61;
2.61;
2.61;
2.61;
2.61;
2.61;
2.61;
2.61;
2.61;
2.61;
2.61;
2.61;
2.61;
2.61;
2.61;
2.61;
2.61;
2.61;
2.61;
2.61;
2.61;
2.61;
2.61;
2.61;
2.61;
2.61;
2.61;
2.61;
2.61;
2.61;
2.61;
2.61;
2.61;
2.61;
2.61;
