18;
18;
18;
17;
17;
17;
17;
17;
18;
17;
18;
17;
18;
17;
18;
17;
18;
17;
18;
17;
17;
17;
18;
17;
18;
17;
18;
17;
18;
17;
18;
17;
18;
1;
18;
1;
18;
20;
18;
20;
20;
20;
20;
17;
17;
18;
18;
18;
18;
18;
18;
18;
18;
17;
18;
17;
17;
17;
17;
17;
18;
17;
17;
15.9286;
18;
15.9286;
15.9286;
15.9286;
18;
15.9286;
15.9286;
15.9286;
15.9286;
15.9286;
18;
15.9286;
15.9286;
15.9286;
15.9286;
15.9286;
18;
15.9286;
18;
15.9286;
17.2857;
18;
17.2857;
18;
17.5572;
17.5572;
17.5572;
18;
17.5572;
17.8286;
17.8286;
18;
17.9643;
18;
18.1;
18;
18.1;
18;
18.3715;
18;
18.6429;
18;
18.9143;
18;
10;
3;
2;
18;
2;
2;
2;
2;
2;
17;
18;
17;
17;
17;
19;
19;
19;
19;
19;
19;
19;
19;
19;
19;
19;
19;
19;
19;
19;
19;
19;
18;
19;
19;
19;
19;
19;
19;
19;
19;
17.8286;
7;
7;
18;
7;
7;
7;
3;
2;
1;
1;
1;
1;
1;
1;
1;
1;
1;
1;
1;
1;
1;
18;
1;
1;
1;
12;
12;
12;
12;
12;
12;
12;
12;
12;
12;
12;
12;
12;
12;
12;
12;
12;
12;
12;
12;
12;
12;
19;
19;
19;
19;
19;
19;
18;
19;
19;
19;
19;
19;
19;
19;
19;
19;
19;
19;
19;
19;
19;
19;
19;
19;
19;
19;
19;
19;
19;
19;
19;
19;
19;
19;
19;
19;
19;
19;
19;
19;
19;
19;
19;
19;
19;
19;
19;
19;
19;
19;
19;
19;
19;
19;
13.6078;
18;
2;
2;
2;
2;
2;
2;
2;
2;
2;
2;
2;
2;
2;
2;
6;
17;
18;
18;
18;
18;
18;
18;
18;
18;
18;
18;
18;
18;
18;
18;
18;
18;
18;
18;
18;
18;
18;
18;
18;
18;
18;
18;
18;
18;
18;
18;
19;
19;
19;
19;
19;
19;
19;
19;
19;
19;
19;
19;
19;
19;
19;
19;
19;
19;
19;
19;
19;
19;
19;
19;
19;
19;
19;
19;
19;
19;
19;
19;
19;
19;
19;
19;
19;
19;
19;
19;
19;
3;
3;
3;
3;
3;
3;
3;
3;
3;
3;
3;
3;
3;
3;
3;
3;
3;
3;
3;
3;
3;
12;
17;
20;
20;
20;
20;
20;
20;
20;
20;
20;
20;
20;
20;
20;
20;
20;
20;
20;
20;
20;
20;
20;
20;
20;
20;
20;
20;
20;
20;
20;
20;
20;
20;
20;
20;
20;
20;
20;
18;
18;
18;
18;
18;
18;
18;
18;
18;
18;
18;
18;
18;
18;
18;
18;
18;
18;
18;
18;
18;
18;
18;
18;
18;
18;
18;
18;
18;
18;
18;
18;
18;
18;
18;
18;
18;
18;
18;
18;
18;
18;
18;
18;
18;
18;
18;
18;
18;
18;
18;
18;
18;
18;
18;
18;
18;
18;
18;
18;
18;
18;
18;
18;
18;
18;
18;
18;
18;
18;
18;
18;
18;
18;
18;
18;
18;
18;
18;
18;
18;
18;
18;
18;
18;
18;
18;
18;
18;
18;
18;
18;
18;
18;
18;
18;
18;
18;
18;
18;
18;
18;
18;
18;
18;
18;
18;
18;
18;
18;
18;
18;
18;
18;
18;
18;
18;
18;
18;
18;
18;
18;
18;
18;
18;
18;
18;
18;
18;
18;
18;
18;
18;
18;
18;
18;
18;
18;
18;
18;
18;
18;
18;
18;
18;
18;
18;
18;
18;
18;
18;
18;
18;
18;
18;
19;
20;
20;
20;
20;
20;
20;
20;
20;
20;
20;
20;
20;
20;
20;
20;
20;
20;
20;
20;
20;
20;
20;
20;
20;
20;
20;
18;
18;
18;
18;
18;
18;
18;
18;
18;
18;
18;
18;
18;
18;
18;
18;
18;
18;
18;
18;
18;
18;
18;
18;
18;
18;
18;
18;
18;
18;
18;
18;
18;
18;
18;
18;
18;
18;
18;
18;
18;
18;
18;
18;
18;
18;
18;
18;
18;
18;
18;
18;
18;
18;
18;
18;
18;
18;
18;
18;
18;
18;
18;
18;
18;
18;
18;
18;
18;
18;
18;
18;
18;
18;
18;
18;
18;
18;
18;
18;
18;
18;
18;
18;
18;
18;
18;
18;
18;
18;
18;
18;
18;
18;
18;
18;
18;
18;
18;
18;
18;
18;
18;
18;
18;
18;
18;
18;
18;
18;
18;
18;
18;
18;
18;
18;
18;
18;
18;
18;
18;
18;
18;
18;
18;
18;
18;
18;
18;
18;
18;
18;
18;
18;
18;
18;
18;
18;
18;
18;
