20;
20;
20;
17;
11;
17;
17;
17;
13;
17;
17;
17;
20;
12;
1;
1;
1;
1;
18;
18;
18;
18;
18;
18;
20;
18;
20;
18;
20;
18;
20;
18;
20;
18;
20;
18;
20;
18;
20;
18;
18;
18;
18;
18;
18;
18;
18;
18;
13;
17;
13;
17;
13;
17;
13;
17;
17;
17;
17;
17;
13;
17;
17;
10.2287;
13;
10.2287;
10.2287;
10.2287;
20;
10.2287;
10.2287;
10.2287;
10.2287;
10.2287;
13;
10.2287;
10.2287;
10.2287;
10.2287;
10.2287;
13;
10.2287;
13;
10.2287;
10.2287;
13;
10.2287;
13;
10.2287;
10.2287;
20;
20;
20;
20;
20;
20;
20;
20;
20;
20;
20;
20;
20;
20;
20;
20;
20;
20;
20;
20;
20;
20;
20;
20;
20;
20;
20;
20;
20;
20;
20;
20;
20;
20;
20;
20;
20;
20;
20;
20;
20;
20;
20;
20;
20;
20;
20;
20;
20;
20;
20;
20;
20;
20;
20;
20;
20;
20;
20;
20;
20;
20;
20;
20;
20;
20;
20;
20;
20;
20;
20;
20;
20;
20;
20;
20;
20;
20;
20;
20;
20;
20;
20;
20;
20;
20;
20;
20;
20;
20;
20;
20;
20;
20;
20;
20;
20;
20;
20;
20;
20;
20;
20;
20;
20;
20;
20;
20;
20;
20;
20;
20;
20;
20;
20;
20;
20;
20;
20;
20;
20;
20;
20;
20;
20;
20;
20;
20;
20;
20;
20;
20;
20;
20;
20;
20;
20;
20;
20;
20;
20;
20;
20;
20;
20;
20;
20;
20;
20;
20;
20;
20;
20;
20;
20;
20;
20;
20;
20;
20;
20;
20;
20;
20;
20;
20;
20;
20;
20;
20;
20;
20;
20;
20;
20;
20;
20;
20;
20;
20;
20;
20;
20;
20;
20;
20;
20;
20;
20;
20;
20;
20;
20;
20;
20;
20;
20;
20;
20;
20;
20;
20;
20;
20;
20;
20;
20;
20;
20;
20;
20;
20;
20;
20;
20;
20;
20;
20;
20;
20;
20;
20;
20;
20;
20;
20;
20;
20;
20;
5;
1;
1;
1;
1;
1;
1;
1;
1;
3;
16;
20;
20;
20;
20;
20;
20;
20;
1;
1;
1;
1;
1;
1;
1;
1;
1;
1;
1;
1;
1;
1;
1;
1;
1;
1;
1;
1;
1;
1;
1;
1;
1;
1;
1;
1;
1;
1;
1;
1;
1;
1;
1;
1;
1;
1;
1;
1;
1;
1;
18;
18;
18;
18;
18;
18;
18;
18;
18;
18;
18;
18;
18;
18;
18;
18;
18;
18;
18;
18;
18;
18;
18;
18;
18;
20;
18;
18;
18;
18;
18;
18;
18;
18;
18;
18;
18;
18;
18;
18;
18;
18;
18;
18;
18;
18;
18;
18;
18;
18;
18;
18;
18;
18;
18;
18;
18;
18;
18;
18;
9;
7;
6;
5;
5;
3;
3;
3;
3;
3;
3;
3;
3;
3;
3;
3;
3;
3;
3;
3;
3;
14;
17;
17;
18;
18;
18;
18;
18;
18;
18;
18;
18;
18;
18;
18;
18;
18;
18;
18;
18;
18;
18;
18;
18;
18;
18;
18;
18;
18;
18;
18;
18;
18;
18;
18;
18;
18;
18;
18;
18;
18;
18;
18;
18;
18;
18;
18;
18;
18;
18;
18;
18;
18;
18;
18;
20;
20;
20;
20;
20;
20;
20;
20;
20;
20;
20;
20;
20;
20;
20;
20;
20;
20;
20;
20;
20;
20;
20;
20;
20;
20;
20;
20;
20;
20;
20;
20;
20;
20;
20;
20;
20;
20;
20;
20;
20;
20;
20;
20;
20;
20;
20;
20;
20;
20;
20;
20;
20;
20;
20;
20;
20;
20;
20;
20;
20;
20;
20;
20;
20;
20;
20;
20;
20;
20;
20;
20;
20;
20;
20;
20;
20;
20;
20;
20;
20;
20;
20;
20;
20;
20;
20;
20;
20;
20;
20;
20;
20;
20;
20;
20;
20;
20;
20;
20;
20;
20;
20;
20;
20;
20;
20;
20;
20;
20;
20;
20;
20;
20;
20;
20;
20;
20;
20;
20;
20;
20;
20;
20;
20;
20;
20;
20;
20;
20;
20;
20;
20;
20;
20;
20;
20;
20;
20;
20;
20;
20;
20;
20;
20;
20;
20;
20;
20;
20;
20;
20;
20;
20;
20;
20;
20;
20;
20;
20;
20;
20;
20;
20;
20;
20;
20;
20;
20;
20;
20;
20;
20;
20;
20;
20;
20;
20;
20;
20;
20;
20;
20;
20;
20;
20;
20;
20;
20;
20;
20;
20;
20;
20;
20;
20;
20;
20;
20;
20;
20;
20;
20;
20;
20;
20;
