0;
0.0209519388;
0.0387200629;
0.0908946777;
0.0966170254;
0.1240582106;
0.1730110416;
0.237560948;
0.2364079338;
0.1774307473;
0.1843786423;
0.2318504215;
0.2621163533;
0.2618397122;
0.2329289751;
0.1997062079;
0.1960385601;
0.1927714121;
0.1806486629;
0.1611998316;
0.174347032;
0.17733699;
0.2073409027;
0.1951222174;
0.2097325546;
0.2458056732;
0.3567405495;
0.3598686777;
0.3097289205;
0.3299368398;
0.2932333618;
0.4084375916;
0.4119032183;
0.3873942379;
0.4265070732;
0.4053213628;
0.448973986;
0.4692050442;
0.5030171919;
0.5429220295;
0.5741726137;
0.5688074404;
0.6096577299;
0.6442918972;
0.6507523947;
0.5987535139;
0.6051988068;
0.6109643315;
0.6255488809;
0.6669908532;
0.6924728364;
0.7764987053;
0.7756273485;
0.813652297;
0.823543043;
0.8933791826;
0.9859779645;
1;
1;
1;
