48.762289;
36.808489;
40.896025;
51.84;
57.1536;
51.222649;
48.038761;
41.744521;
43.983424;
43.1649;
45.481536;
42.055225;
42.876304;
40.883236;
50.154724;
47.361924;
44.382244;
45.495025;
50.027329;
45.941284;
48.5809;
51.194025;
55.026724;
49.7025;
54.302161;
55.577025;
41.667025;
44.997264;
38.303721;
47.734281;
50.936769;
49.042009;
53.831569;
49.392784;
47.969476;
53.421481;
46.144849;
47.665216;
60.435076;
45.778756;
46.580625;
43.983424;
39.513796;
41.718681;
39.350529;
41.126569;
41.254929;
44.462224;
45.495025;
45.751696;
46.212804;
38.8129;
43.996689;
43.191184;
48.958009;
45.765225;
46.471489;
44.983849;
44.129449;
44.930209;
55.965361;
48.734361;
42.758521;
47.7481;
47.348161;
52.200625;
54.479161;
53.5824;
47.403225;
49.942489;
50.353216;
47.1969;
40.551424;
45.118089;
41.9904;
48.372025;
48.972004;
46.703556;
43.362225;
44.342281;
44.368921;
44.076321;
43.626025;
43.877376;
39.853969;
43.996689;
40.271716;
42.25;
43.890625;
39.075001;
46.949904;
52.056225;
49.547521;
47.720464;
47.416996;
52.533504;
49.646116;
61.340224;
65.173329;
50.183056;
51.955264;
53.802225;
47.541025;
50.2681;
50.041476;
48.790225;
53.538489;
51.724864;
59.166864;
53.567761;
49.308484;
51.251281;
50.594769;
52.838361;
50.722884;
50.680161;
48.135844;
45.8329;
46.730896;
43.322724;
43.283241;
42.536484;
51.2656;
47.155689;
46.036225;
47.348161;
46.676224;
43.890625;
44.142736;
42.445225;
40.998409;
41.641209;
46.063369;
43.546801;
45.819361;
46.895104;
44.195904;
45.010681;
54.184321;
50.680161;
54.967396;
54.479161;
45.1584;
52.330756;
52.896529;
56.520324;
53.714241;
54.287424;
56.655729;
55.785961;
56.010256;
49.660209;
52.736644;
51.897616;
43.454464;
44.023225;
40.373316;
43.1649;
43.243776;
45.171841;
45.643536;
50.225569;
43.270084;
47.073321;
43.401744;
46.24;
42.850116;
39.175081;
38.837824;
46.335249;
45.319824;
49.1401;
46.812964;
47.3344;
46.131264;
43.665664;
45.819361;
43.1649;
44.542276;
47.444544;
39.891856;
41.563809;
39.476089;
42.588676;
43.191184;
45.118089;
45.630025;
44.796249;
49.2804;
48.288601;
45.630025;
56.265001;
53.348416;
51.251281;
45.900625;
49.126081;
51.136801;
50.737129;
54.671236;
51.940849;
52.620516;
49.364676;
47.831056;
49.042009;
49.829481;
59.120721;
50.339025;
49.744809;
50.310649;
45.711121;
44.823025;
52.1284;
48.3025;
47.803396;
41.628304;
55.666521;
60.497284;
55.398249;
54.745201;
53.5824;
50.466816;
49.617936;
51.423241;
56.5504;
53.275401;
57.198969;
52.085089;
46.212804;
55.771024;
54.140164;
53.5824;
57.501889;
53.173264;
51.065316;
49.956624;
52.969284;
53.772889;
54.361129;
54.538225;
44.528929;
40.5769;
45.535504;
54.745201;
55.6516;
49.617936;
52.4176;
48.636676;
50.808384;
48.135844;
55.249489;
47.032164;
60.450625;
54.774801;
45.198729;
49.660209;
52.229529;
46.949904;
53.494596;
56.145049;
51.022449;
54.804409;
49.350625;
39.980329;
45.4276;
35.070084;
54.538225;
52.867441;
62.047129;
64.208169;
57.577744;
60.762025;
54.9081;
55.815841;
48.385936;
58.155876;
50.893956;
42.732369;
47.375689;
57.471561;
56.565441;
57.1536;
51.022449;
52.330756;
56.821444;
55.472704;
54.745201;
49.730704;
46.430596;
60.326289;
46.991025;
54.834025;
46.635241;
51.279921;
54.893281;
49.942489;
54.184321;
50.027329;
51.466276;
58.599025;
48.274704;
45.684081;
57.365476;
52.635025;
56.7009;
54.051904;
51.969681;
50.779876;
57.198969;
52.519009;
49.1401;
45.941284;
41.7316;
53.567761;
60.746436;
57.350329;
57.744801;
64.016001;
54.390625;
64.625521;
61.512649;
62.141689;
55.980324;
61.011721;
64.673764;
55.294096;
57.395776;
59.351616;
63.552784;
60.918025;
57.365476;
56.776225;
55.547209;
52.012944;
50.055625;
49;
41.576704;
32.855824;
33.489369;
44.515584;
50.310649;
51.4089;
52.1284;
52.2729;
56.911936;
56.070144;
50.623225;
56.010256;
58.339044;
51.724864;
47.623801;
47.637604;
59.074596;
55.890576;
61.968384;
53.963716;
56.340036;
56.776225;
61.230625;
64.609444;
64.032004;
51.079609;
53.538489;
54.804409;
51.581124;
47.983329;
57.532225;
52.533504;
52.374169;
55.383364;
50.5521;
50.951044;
42.406144;
44.3556;
45.010681;
53.246209;
56.625625;
50.041476;
54.331641;
47.983329;
48.038761;
51.108201;
54.434884;
47.183161;
52.287361;
42.016324;
41.126569;
49.730704;
54.952569;
55.636681;
57.699216;
58.644964;
56.896849;
57.547396;
60.6841;
60.155536;
58.537801;
51.84;
46.117681;
57.699216;
57.078025;
58.752225;
52.780225;
50.069776;
52.142841;
53.787556;
52.1284;
51.538041;
47.831056;
45.751696;
52.722121;
56.115081;
53.246209;
59.043856;
62.425801;
60.964864;
64.288324;
60.295225;
56.385081;
54.848836;
58.568409;
62.031376;
57.441241;
55.011889;
53.934336;
58.629649;
52.301824;
53.421481;
56.715961;
56.415121;
51.782416;
50.637456;
58.155876;
55.636681;
44.515584;
49.294441;
46.7856;
50.027329;
61.575409;
61.340224;
62.869041;
64.529089;
58.967041;
61.748164;
57.183844;
54.878464;
67.453369;
56.340036;
77.018176;
63.568729;
63.266116;
65.464281;
61.481281;
61.418569;
58.507201;
56.761156;
53.8756;
54.066609;
52.287361;
56.145049;
61.685316;
61.858225;
65.61;
58.2169;
56.445169;
53.348416;
53.275401;
57.335184;
52.316289;
49.2804;
43.480836;
52.070656;
64.144081;
60.109009;
57.3049;
56.836521;
54.508689;
57.410929;
51.236964;
56.7009;
54.700816;
50.580544;
46.580625;
66.373609;
61.685316;
60.621796;
56.490256;
57.517056;
59.382436;
59.660176;
59.213025;
56.385081;
63.504961;
46.539684;
56.987401;
62.520649;
62.520649;
63.984001;
57.395776;
70.123876;
65.1249;
64.657681;
57.441241;
58.277956;
62.631396;
61.074225;
60.933636;
58.967041;
66.569281;
64.1601;
59.074596;
61.669609;
59.059225;
60.886809;
69.488896;
65.512836;
58.537801;
60.357361;
57.350329;
60.2176;
59.706529;
58.6756;
56.505289;
57.623281;
65.1249;
57.183844;
65.739664;
62.7264;
62.948356;
51.466276;
71.453209;
72.709729;
69.122596;
65.334889;
60.980481;
63.457156;
66.275881;
63.600625;
63.600625;
63.504961;
67.765824;
62.536464;
62.583921;
60.512841;
63.728289;
56.070144;
62.267881;
66.846976;
62.078641;
58.583716;
63.824121;
52.7076;
49.815364;
52.823824;
63.091249;
59.845696;
64.256256;
64.144081;
61.074225;
60.2176;
58.155876;
61.701025;
60.606225;
59.521225;
55.398249;
46.308025;
49.801249;
61.811044;
56.791296;
63.123025;
60.5284;
63.091249;
62.853184;
63.218401;
60.715264;
59.059225;
63.552784;
59.089969;
61.293241;
58.859584;
60.419529;
61.3089;
69.989956;
64.850809;
64.529089;
64.1601;
63.536841;
58.323769;
71.503936;
72.0801;
86.620249;
73.599241;
80.964004;
71.944324;
65.918161;
65.092624;
63.808144;
63.632529;
68.740681;
70.0569;
65.415744;
56.746089;
58.446025;
64.400625;
64.770304;
64.016001;
64.240225;
66.601921;
61.763881;
64.080025;
57.1536;
54.125449;
51.365889;
47.872561;
51.1225;
55.323844;
62.441604;
64.304361;
63.952009;
61.496964;
61.402896;
58.277956;
66.7489;
71.267364;
59.059225;
62.41;
64.272289;
75.811849;
62.710561;
64.931364;
62.504836;
62.062884;
56.430144;
61.701025;
60.388441;
63.234304;
55.965361;
63.920025;
57.486724;
59.613841;
65.788321;
64.192144;
66.161956;
69.923044;
64.834704;
63.473089;
61.449921;
63.824121;
60.466176;
50.5521;
63.138916;
63.250209;
60.388441;
72.726784;
65.480464;
73.068304;
73.068304;
69.305625;
78.925456;
64.689849;
56.715961;
65.496649;
66.667225;
76.0384;
77.563249;
69.039481;
69.672409;
65.044225;
65.674816;
67.831696;
76.457536;
74.787904;
71.318025;
59.074596;
60.248644;
62.41;
68.194564;
71.774784;
69.689104;
70.3921;
66.406201;
70.492816;
62.980096;
58.798224;
62.647225;
54.982225;
67.010596;
70.930084;
65.351056;
66.4225;
64.496961;
69.472225;
66.373609;
67.354849;
66.243321;
67.864644;
62.980096;
59.567524;
57.093136;
66.275881;
71.859529;
73.153809;
71.048041;
73.564929;
70.795396;
67.535524;
68.128516;
75.550864;
67.026969;
55.442916;
61.858225;
66.357316;
71.605444;
72.948681;
69.856164;
67.125249;
67.486225;
65.836996;
69.372241;
63.329764;
71.893441;
