0;
0.010010753;
0.0205682384;
0.0705438382;
0.0779857092;
0.0890307752;
0.0933001332;
0.1193673846;
0.1313963437;
0.15735346;
0.1725342289;
0.1585155129;
0.204761727;
0.2373896272;
0.2106515651;
0.1992141249;
0.2238297609;
0.2230547303;
0.2247049271;
0.2327885961;
0.2341340199;
0.2240327082;
0.2479804207;
0.2896434197;
0.2858156588;
0.3047694027;
0.2872507258;
0.3113882174;
0.3705567249;
0.3907637143;
0.4115143376;
0.4208402072;
0.4740946262;
0.4973226971;
0.4994024845;
0.5338023204;
0.5565086927;
0.5411580778;
0.5823995932;
0.6053689625;
0.6160356545;
0.6214643895;
0.623806549;
0.5853227836;
0.6292915928;
0.6817663599;
0.6821269047;
0.728471987;
0.7586846592;
0.840583125;
0.7743615997;
0.8535741472;
0.828573179;
0.8856660186;
0.8708690328;
0.9291605432;
1;
0.9773641214;
0.9773641214;
0.9773641214