64.3385456984;
62.1779296855;
63.7349974143;
65.0872889495;
63.6064116521;
64.1416622325;
64.4336694993;
63.3022341959;
62.5272457972;
61.0007924946;
64.0873872407;
62.2987682114;
61.0074582022;
67.2414594237;
64.4472626841;
60.8941763284;
63.6199426559;
62.7964226998;
65.5858769392;
63.7756225853;
63.045776416;
62.2719080116;
59.6265670626;
66.9863320439;
64.5628458274;
70.6033187079;
66.9587713233;
60.8808539614;
62.0236460921;
63.2347094931;
64.291002501;
64.9918237017;
64.8419073709;
63.8975531998;
66.5733440546;
64.1688058415;
58.2503742383;
53.2414199494;
66.8692267798;
66.5870957157;
62.5541450208;
61.9633112829;
61.9566087015;
63.2279584294;
61.8561008586;
60.1563511015;
62.4869046599;
59.5869003283;
67.1379879287;
64.6989200558;
60.3820124666;
57.8835738915;
63.3089880726;
63.8907771089;
62.0236460921;
61.5883631631;
62.54741983;
65.4218086515;
66.1338233912;
61.4479659152;
72.5007652496;
74.7954356791;
65.8117088215;
61.9767172176;
63.369784467;
64.0195664308;
63.1672103665;
66.2092924698;
62.7088952047;
64.3045849991;
63.924660113;
59.5274177918;
60.4085805689;
59.7919459143;
60.2425979848;
59.3028963088;
65.654281753;
61.1608407879;
63.0525205711;
63.2819741;
61.0741294903;
62.1980636582;
57.2371375909;
55.6420314228;
60.820916111;
51.1789297511;
65.4218086515;
60.2890567726;
61.3277159368;
62.6550536659;
63.978886177;
60.3288887046;
61.996828049;
60.6545320349;
67.1310918396;
70.6665130025;
59.1248144033;
54.6516362165;
68.7516131158;
63.0188023553;
65.5858769392;
63.2954805749;
62.2114875917;
61.2876511876;
62.1309594118;
65.9761231304;
60.3089715717;
65.1964529592;
64.2095288953;
68.6681761537;
55.3390989926;
65.8596479572;
66.0720986837;
62.2920527761;
63.2482123878;
64.7261470988;
61.7355678986;
62.8570440307;
63.2549642188;
62.0705875696;
63.7756225853;
61.2943280006;
61.7221804976;
63.4373602986;
62.8907315155;
60.6079734819;
62.7290900123;
61.6485682099;
61.7021013279;
60.1032978927;
65.1145738661;
63.2819741;
63.8704503664;
50.1305889087;
64.5696471242;
61.5616120651;
62.9109470804;
65.0327312909;
62.7762202023;
61.9163986162;
61.0474578743;
63.3360061359;
63.9924452421;
61.568299453;
64.2570507101;
73.3244918733;
66.0241047189;
69.3645817098;
63.1267231704;
63.268468648;
63.5522978508;
63.7553088516;
64.7465700484;
62.0169411955;
62.7156265509;
62.3121998526;
61.0874668485;
56.8076130423;
61.568299453;
65.8596479572;
63.7891663501;
61.8159139364;
62.6550536659;
62.3054839036;
62.0772945236;
61.4813835182;
64.7125330692;
55.281157623;
65.3056818658;
64.0399099982;
65.5243342437;
65.0668279251;
61.5749870986;
63.0322888736;
62.5743221325;
64.5424434624;
66.4771106511;
64.0263473651;
61.3811500526;
55.9261591672;
66.0446720457;
67.3587954541;
57.0938351951;
59.2237253338;
61.5482380626;
59.8647640875;
59.7720918711;
59.6265670626;
62.3390662171;
64.5424434624;
57.8704890901;
63.3224965929;
52.9748969092;
63.2144570692;
70.4419133459;
63.999225157;
61.6418777296;
64.0941707231;
64.3317530496;
64.671697078;
65.7432458316;
65.2305800226;
66.6489906615;
68.5639305196;
63.390054533;
62.4734596673;
62.9581256966;
67.2345595651;
66.5114740531;
64.3249606552;
63.4576380311;
62.3390662171;
63.268468648;
63.3292512366;
62.7088952047;
71.1587085139;
71.5110183122;
73.873097087;
62.4801820353;
65.5243342437;
62.8368346143;
66.0652416454;
62.5339702182;
62.7156265509;
62.9513851259;
68.8211713769;
64.5016455971;
68.9742873837;
63.7079190703;
62.3390662171;
62.0705875696;
64.773804204;
66.5527184528;
65.517497432;
65.1418628403;
62.7425544992;
61.996828049;
63.6537746331;
73.4810881312;
66.7315489927;
65.2101030241;
67.2897654684;
69.127524096;
68.3556079076;
62.7560200115;
64.8691557474;
66.106387663;
63.7282274455;
63.7079190703;
59.5340259215;
57.3283963744;
65.3466594306;
70.3577539003;
62.3121998526;
61.1608407879;
64.4472626841;
63.9314374788;
63.0660096493;
62.7425544992;
63.1267231704;
62.8570440307;
67.1931656898;
61.0541253907;
60.0635188875;
62.6348673199;
59.5802901166;
60.3620891115;
60.1298224209;
66.2024303825;
62.8570440307;
63.7349974143;
64.8827814589;
66.0515283264;
63.1334703967;
67.4002254995;
64.0873872407;
60.7543430732;
56.6322295703;
64.2095288953;
64.2163169622;
64.4948468428;
63.099736824;
61.5081222421;
62.0102365561;
61.1541691384;
60.8009414832;
65.1759797631;
56.957165496;
66.4771106511;
64.5832504805;
59.8118022971;
66.5802197592;
66.1132462163;
62.937904753;
61.4145547597;
65.517497432;
61.4746994818;
62.9918323909;
64.3317530496;
62.224912553;
66.8830000958;
63.7282274455;
62.6012285396;
63.1402178789;
64.8214737545;
64.7669952841;
63.3765409001;
63.8230302265;
64.2298938597;
62.5205216328;
60.4085805689;
63.7959386152;
71.1375895652;
73.9159064594;
62.1108331505;
65.128217846;
64.1891662225;
64.0195664308;
65.6679657519;
66.0515283264;
66.8898871312;
63.3495167015;
65.3466594306;
68.8420437219;
70.7789079402;
64.4472626841;
60.6678368085;
65.7227118657;
66.4702387269;
66.2779272224;
66.1955685475;
64.9100359282;
66.7934915366;
65.5448461976;
66.2916572007;
70.8773054928;
63.1874574185;
61.7087941269;
65.0668279251;
66.14754277;
65.9829768852;
62.1175416472;
63.9043295456;
64.2095288953;
64.2638405592;
66.9863320439;
65.2578862358;
69.2041876925;
66.6283567456;
68.6473225312;
67.5798601199;
62.3659366909;
64.7533782063;
65.2510593023;
64.2163169622;
65.7021801759;
66.0309602419;
67.7112388297;
73.3814222508;
71.2643366183;
67.7389090409;
67.4485719759;
65.3944781161;
65.189628307;
63.4576380311;
65.3056818658;
65.476481878;
64.7601866182;
64.7942324876;
64.4812500973;
65.2305800226;
64.8146630568;
67.3311804461;
64.31137663;
59.243514559;
65.7158677162;
60.8875150156;
62.4869046599;
61.3677899756;
61.5081222421;
60.4218661752;
60.7609992127;
64.4540596581;
67.1241960018;
64.0127857513;
71.9699432973;
65.0395501104;
62.1041249109;
60.5747251405;
64.1823791742;
62.6550536659;
62.3390662171;
63.7959386152;
63.1334703967;
57.8508638562;
64.4812500973;
72.4299090375;
64.2366826905;
63.2144570692;
67.8427080543;
68.2376583076;
66.8485686933;
64.3996909888;
66.5114740531;
62.8503073023;
64.8146630568;
75.4197676897;
64.8827814589;
68.8490016693;
72.6709204346;
66.14754277;
65.5927162819;
65.5858769392;
68.3694890827;
65.455977519;
67.0483583784;
65.8733471281;
67.8496299936;
70.8562162198;
64.291002501;
63.5658247689;
66.5527184528;
62.3793734685;
59.646403942;
67.2966673368;
65.1486857177;
66.8830000958;
64.4404659645;
66.5527184528;
63.6402410763;
63.005316861;
71.2291210731;
70.3928159974;
65.4218086515;
69.769638243;
66.3328531902;
66.9863320439;
67.4071313858;
67.0276806703;
66.6902652939;
63.3089880726;
69.6997412152;
65.1213957293;
66.4908552557;
64.8964081859;
75.4197676897;
66.0378160175;
74.4303048701;
69.0230314301;
70.9757515415;
70.0774803609;
71.4405069662;
71.4123093395;
72.1467301364;
72.5362025738;
76.3633223132;
75.6930418321;
84.8606288745;
63.8636752956;
71.0672091362;
67.0070052254;
66.5527184528;
67.4969307521;
69.3366776343;
68.5917238603;
70.2315816844;
68.2307223471;
71.4828108119;
67.483112704;
65.6269167912;
67.1793697416;
74.8169337019;
70.4629587849;
67.6282522684;
70.5190908605;
69.3436532797;
67.5660360495;
62.54741983;
60.1430862421;
70.3717779953;
66.9105497471;
71.3488791232;
74.9746528398;
70.5541814613;
71.8922058554;
68.6612246965;
68.3625483701;
69.0299958627;
68.6195211976;
69.5041618345;
72.58582515;
66.4290124756;
78.3211444551;
83.4782712412;
80.2964889437;
67.5591243906;
66.3397200713;
68.2515309793;
69.769638243;
68.8837951489;
68.147510336;
69.1972170287;
69.4204018117;
59.9574872368;
72.9122157919;
74.3873900006;
64.7329544946;
67.2000640408;
66.9312146275;
66.6352344657;
64.8895946955;
68.7377044588;
68.2862170361;
70.3437307971;
66.8692267798;
68.8698770086;
73.8802313713;
79.892688993;
76.6161210702;
71.8851402935;
68.2445945184;
67.8219437402;
66.1681237316;
66.6696268443;
68.2584676904;
67.0414655576;
73.7162046971;
67.5038401526;
68.2931549978;
60.5215412612;
72.2670330717;
71.1375895652;
66.834797894;
71.7580023242;
70.5120734837;
68.1752436694;
72.1962580256;
70.1545160086;
71.1023962607;
66.1818456348;
64.1755923805;
79.6141221425;
74.6450109156;
68.6056220294;
69.3297022379;
70.7789079402;
67.7181560064;
72.0618532466;
67.9881213914;
76.5366380882;
73.1182507248;
67.0001139134;
75.1324897951;
82.9647547646;
68.876835954;
71.0249927457;
73.0116551749;
70.764855107;
68.5361411762;
71.2784245658;
70.7578290617;
67.1724721445;
71.40526055;
69.3994674064;
53.6930489726;
59.1907485054;
86.5677961594;
73.9658618488;
70.1475115269;
68.9534008188;
69.7346866216;
68.8490016693;
69.099653901;
71.8992716637;
71.6591724606;
70.0424740866;
71.2925135013;
81.1873882462;
74.1229424485;
70.1124928413;
69.3715583512;
68.7446586625;
67.8565521834;
68.7446586625;
69.6368551483;
72.0406395641;
65.223754103;
68.6403718232;
73.8445623948;
70.6454460086;
73.0827127436;
67.2000640408;
70.9827852573;
73.6805638452;
72.4653340705;
72.6000052405;
71.2079947107;
72.2104110662;
76.3705410199;
69.3855123809;
58.4669091862;
71.2150365844;
62.8435708302;
70.2946577475;
68.9185948657;
70.764855107;
69.7556568487;
70.5612003247;
67.8980905842;
70.4840064546;
66.6008483846;
62.1376686798;
60.9608036771;
58.558858598;
64.5084446056;
76.2767167202;
73.8588292519;
72.2316424727;
71.1587085139;
71.3982120075;
68.6403718232;
70.3086773788;
67.3795093469;
60.6545320349;
70.9827852573;
74.8957785391;
80.134882283;
68.8629183126;
71.0742460667;
69.7137186319;
68.7098901407;
69.5739892261;
69.6717893655;
69.3994674064;
73.523816772;
67.9742677427;
73.1609043938;
61.5616120651;
74.5519446856;
73.360071522;
70.8351291737;
71.3982120075;
68.0989866382;
69.7416764487;
68.0781945223;
68.8142144277;
67.483112704;
67.5798601199;
76.5583123618;
79.1896072623;
72.7560510915;
70.7086536764;
72.8341185901;
70.6103393055;
70.5401444776;
69.5460552839;
70.8140443549;
73.0684992677;
72.3944901515;
74.4589196619;
72.5787354733;
79.6141221425;
83.3739885867;
77.7900736949;
71.6662301337;
71.6168316022;
71.5603909388;
74.3230341656;
73.8445623948;
66.7246677467;
64.4132816298;
76.8185734442;
76.6233482473;
73.9729993105;
69.7486665244;
74.738118337;
74.8742724793;
71.3982120075;
74.130085285;
72.0406395641;
73.7875047467;
70.7578290617;
72.9974466046;
72.1325815262;
68.3694890827;
74.4946936398;
86.198268127;
73.8445623948;
71.3206943364;
72.1325815262;
73.5095729124;
71.5392297611;
69.6927528798;
69.5041618345;
69.1344922678;
67.9950485913;
78.2556007036;
73.4953300321;
76.009902423;
74.258698098;
70.8491869569;
73.5451843975;
71.9770118156;
71.3911637118;
73.6093004917;
74.7954356791;
69.8115883912;
72.7560510915;
77.7392164946;
83.2027675235;
79.1384271896;
71.8710099091;
74.8671042798;
71.7650634495;
72.7631469092;
71.4123093395;
72.4440783131;
68.9534008188;
70.8140443549;
62.9850905399