70.2186836236;
72.7105921185;
72.5307304347;
69.9270336627;
70.2395251971;
69.9954599679;
66.935753151;
66.7264795538;
67.2012207004;
67.1215580214;
69.178212048;
67.7948674426;
72.1772668246;
71.516217484;
68.9260034437;
69.0654368328;
66.6115831455;
64.345562136;
67.0153709946;
66.6410399272;
65.8525151329;
68.1024436718;
66.5143945469;
64.2841451054;
64.4040656223;
69.0179637197;
63.2739476253;
66.7353194052;
69.6029375921;
66.1171054722;
68.0225649685;
67.2189261248;
68.9141394166;
69.7307554645;
70.3229040552;
62.5722411377;
62.3251313049;
64.3104652307;
64.4333214158;
64.4830624593;
65.9642047573;
69.5345894599;
66.4496181718;
64.5006199836;
66.7647872948;
65.7555527262;
68.2622581895;
66.0288847427;
68.9704972406;
63.2156542769;
66.9092181442;
63.2302265905;
65.3357182315;
66.8443637961;
65.4354894917;
65.1010844509;
67.6943750805;
65.5382274971;
64.1116563083;
70.0787799045;
72.2012193676;
73.4700021045;
70.9846892879;
68.2800200551;
66.7706811898;
68.6650907755;
68.5080472838;
68.3333112846;
66.0230042118;
69.0179637197;
67.1009078689;
66.2700780667;
63.7552836443;
65.2271787895;
70.456947878;
66.9711364851;
68.673982214;
64.8754115959;
66.3760242259;
67.5052952133;
67.7121068256;
71.1577953543;
70.7013387592;
65.9406879566;
65.2594434418;
67.9515776727;
70.6774881792;
68.3688434633;
67.9131325104;
66.8296259539;
64.9047107599;
66.5232286824;
67.617548425;
66.0377057385;
67.1156578461;
64.3163144447;
56.3299911457;
55.2956645893;
61.6342834926;
64.4655059064;
66.2877333716;
66.7972050258;
64.9574560274;
66.4878935707;
65.4325546014;
66.6439857509;
69.4632842206;
65.6879900405;
66.4437300464;
68.8755841947;
68.5821152988;
69.6950805677;
68.0077747067;
67.0124218427;
66.8178361557;
66.823731002;
66.4937824911;
65.6938644963;
70.0043861405;
65.1773216139;
69.8259066518;
68.8933783677;
67.3458427224;
66.1935827907;
69.4395191113;
66.4290101967;
67.84808154;
67.455088944;
67.4019376394;
67.2100732941;
69.4811091367;
73.1006025405;
56.8771331371;
60.8408823361;
65.5411633498;
69.7277824147;
66.3613074254;
68.2267372755;
68.3806883568;
66.7471062438;
65.3679937834;
67.466901501;
69.7367016412;
67.3871748991;
64.8226798759;
74.1045667697;
68.8518600837;
67.9693230847;
67.1186079206;
67.9456627447;
68.4458427223;
67.3340344755;
63.6823063272;
66.0641701624;
65.8583925753;
65.9994831527;
65.5352916711;
68.0817325494;
70.573161123;
65.2770437095;
66.467283184;
66.2936186856;
65.2887777569;
65.1040163142;
67.2513885307;
69.1336910498;
69.1366589351;
68.2622581895;
75.0056767928;
69.4573427883;
71.9468062242;
71.5610459622;
69.8943128464;
69.0090632495;
70.060923937;
68.8459293154;
70.5910435371;
65.9700842237;
62.6275046069;
67.4993881994;
70.5284591158;
59.8564046787;
61.5820982213;
67.7948674426;
66.5438425924;
65.1245401085;
66.4025161374;
67.3458427224;
65.2007828493;
60.7165604075;
65.0072789942;
65.1421329782;
60.1822775026;
70.6506582313;
73.7134716021;
69.6148256164;
68.4695383442;
69.0416994472;
65.8143143558;
65.5235486343;
65.4472293203;
64.5591520774;
71.9109037799;
64.8549037807;
68.0225649685;
64.998486142;
70.9399344257;
66.6616612487;
64.2724479746;
64.345562136;
66.0612295644;
64.5972037219;
67.4462298021;
68.0491890864;
67.0360157965;
64.0882752491;
65.831944924;
68.7836625171;
70.1770042472;
65.8995376557;
67.7859992512;
67.9397479212;
65.3885344572;
67.8628647392;
68.896344154;
67.4964347319;
67.84808154;
72.1353537606;
63.1923399949;
65.065904184;
62.5984173348;
68.0817325494;
65.2770437095;
67.7564403159;
68.3806883568;
65.652745547;
66.6292568969;
67.1451597764;
68.9764301876;
71.6925757447;
73.2417105515;
72.2581131279;
71.7254658563;
64.7582418308;
66.9298562981;
67.310419244;
67.6825544413;
66.3318758139;
68.2030587534;
68.9615980145;
67.5496011643;
69.1693073825;
68.1705035127;
65.9700842237;
67.5141559309;
69.4484308336;
68.5258221242;
64.9340126115;
66.5939103468;
66.4761160479;
67.8362554519;
66.6056921067;
65.831944924;
69.6950805677;
75.3407646825;
70.9667866548;
69.64751981;
71.8181726571;
70.2812121138;
66.155341886;
69.6594093809;
68.1409105802;
68.271139005;
67.706196139;
68.7747681948;
68.9378678857;
72.9145446936;
61.4487766874;
67.5318780751;
68.0432724328;
68.2504174674;
66.1112233457;
67.9367905487;
67.7712194561;
67.4846211244;
69.4662549754;
67.0950080624;
58.6828075906;
61.7183786482;
60.433415348;
62.2757331929;
69.1693073825;
69.4365485888;
67.2484372713;
66.0876959032;
68.4695383442;
66.8325734695;
66.5026160703;
65.1538620944;
67.46099517;
72.2910557819;
62.5344350032;
66.0112434694;
69.3444752026;
68.2622581895;
67.9486201956;
67.9220040786;
67.9042611777;
67.3871748991;
67.8776485927;
67.3901273946;
64.8021754491;
62.6391402844;
71.0085608925;
61.4169041521;
62.6653221646;
66.9416501095;
66.4702274455;
66.573293286;
65.6703673133;
66.4437300464;
62.8428356917;
65.9495065572;
69.305871172;
72.3569502404;
68.5080472838;
68.55544894;
68.0876498824;
67.4846211244;
69.8080637962;
70.4897220322;
66.6174742901;
67.9929850984;
66.7795222307;
64.7172425835;
70.4688653939;
72.7435765755;
73.5090664277;
76.4447629667;
69.6891351122;
67.4255593905;
68.2237773689;
69.1366589351;
68.499160215;
67.6352760797;
69.9329832364;
66.4407860234;
71.2802150902;
71.9587745147;
78.4888525614;
76.5083797897;
69.1040136201;
68.3155466028;
68.9912630087;
67.07435957;
67.9013041192;
67.7800872546;
68.5732262784;
72.1802608041;
68.6650907755;
72.4438297498;
65.5059348809;
69.8467244876;
69.5732193365;
64.0941203515;
67.2868056959;
69.6683268298;
68.6265639118;
68.7984869069;
70.3765153602;
69.5345894599;
67.579141746;
74.586490878;
76.9054700714;
72.440833552;
65.5088704397;
70.8325461645;
65.7173633871;
66.2847907545;
67.7209730519;
65.5998860147;
64.6528258571;
64.3046161248;
71.1757077666;
76.7781132026;
77.3272661298;
73.4429600449;
67.9308758821;
69.1989905067;
67.7416618307;
68.0491890864;
66.8591022985;
64.0795077987;
67.0301171498;
61.1909953597;
66.7294261445;
69.7783277627;
66.8266784648;
71.7344364187;
69.8199589303;
67.8746917696;
68.8993099663;
68.7065861566;
67.7387062123;
69.7753543009;
72.8875443069;
67.919046863;
66.3024468556;
76.2933376394;
86.396416303;
74.8156269114;
73.6894179499;
69.4424896596;
69.0506007725;
68.5465606221;
70.3675795662;
68.2740993289;
73.3468268866;
73.0255676238;
68.8666874585;
69.73372854;
70.9339675441;
69.8140113117;
67.0655106115;
69.555389621;
67.2986122595;
68.5880414424;
66.4172347941;
62.6275046069;
68.9586316576;
74.3153304574;
66.1024003554;
68.673982214;
74.9091312766;
75.84245244;
75.6489505305;
70.3735367366;
68.4488045839;
66.3936852616;
69.1544667909;
67.6618693322;
72.3389778147;
67.381269987;
63.9217353887;
70.3050354651;
71.1966067386;
71.5939238065;
66.0641701624;
67.2012207004;
70.2365477525;
70.6953759609;
69.8556468032;
65.4501643443;
66.1700493949;
57.8944563746;
68.1705035127;
69.5613327563;
74.2731679914;
62.328037324;
69.2969631699;
68.6028572567;
68.795521977;
71.0413870114;
67.0094727172;
68.3244288264;
70.6625823971;
66.6528233807;
74.1436993994;
67.6855095618;
78.5375820574;
73.8066945662;
76.0632880743;
70.8951852998;
70.8862361631;
68.2859408857;
69.8288805511;
67.3517470036;
68.217857634;
66.0818143084;
65.4589695768;
67.4285122276;
68.3540379327;
70.7878108145;
70.4956813021;
72.2131962446;
69.7931954576;
71.3518952556;
70.6834506709;
66.6970151011;
69.5791627813;
74.8638842658;
65.0922890219;
74.37858327;
80.8255692198;
80.3632335784;
70.5642202612;
71.1458542551;
70.7520266697;
70.7013387592;
69.2346136709;
67.6116394166;
67.2868056959;
69.7991427158;
58.8378651076;
71.0384026914;
70.182958136;
74.3635220848;
70.2514352319;
72.1593034772;
69.4246667572;
70.4778037996;
71.9886970104;
70.2514352319;
70.8176337431;
68.7154786866;
76.4326466958;
72.8455477446;
72.7735650828;
71.405664984;
67.7771312956;
69.0980784449;
68.3866109599;
68.4191871398;
68.3925336673;
69.588078142;
69.4246667572;
74.9966245774;
66.07593282;
76.9994990693;
67.676644279;
69.6267140532;
71.8361187188;
72.6596221194;
70.3229040552;
70.5076001489;
69.2168016231;
71.991689399;
74.619646463;
77.2544045638;
70.4182187799;
60.8524497929;
68.5376725383;
69.1663392124;
64.9047107599;
69.5821345424;
72.0904523967;
69.5940218447;
68.8874468729;
71.7673304308;
69.3474449243;
73.0255676238;
77.4244365867;
85.3295102366;
68.4873111543;
76.6902013574;
77.8316068658;
72.3000406715;
69.6326584262;
70.3735367366;
72.0904523967;
70.3407735678;
73.857826998;
72.4857791617;
75.1686546133;
73.0285687198;
79.3547127134;
79.9870279163;
70.4152397978;
70.5254791866;
70.1680736065;
69.3771435627;
70.284189943;
67.5141559309;
75.2803660771;
75.3528455845;
72.9535488389;
72.6506281677;
66.2230019262;
71.6148476685;
73.4850263449;
70.4956813021;
69.6296862268;
68.7095503072;
69.1218197672;
71.719485608;
71.982712309;
69.3801135686;
63.2273120732;
63.5130643969;
63.8545600378;
68.5258221242;
70.2663233524;
73.2507193227;
71.1816787743;
72.9625503973;
71.1518247538;
68.3214680591;
70.453968563;
76.3539004492;
63.7348482838;
71.4564550605;
67.1953191028;
77.7464906561;
77.8194462488;
72.6356387508;
72.4588111162;
70.6089268717;
69.5791627813;
70.2752565323;
74.897064864;
70.781846535;
75.9120167119;
71.462430846;
67.6589144214;
70.5880630708;
74.9121479415;
74.1858469251;
73.8006794591;
71.7224757195;
69.4395191113;
71.3937154442;
72.3329872077;
74.3514735829;
63.2593732648;
68.4725004142;
71.4176149301;
64.0006117154;
73.4459646183;
73.8277482256;
71.2802150902;
70.3437519096;
70.7669362832;
66.9917785177;
70.0936605837;
80.1949672023;
79.6081272479;
67.5643711272;
73.8909165227;
81.4234208872;
77.3272661298;
72.1832548089;
69.6029375921;
68.9378678857;
71.0533245462;
68.5021225452;
68.2030587534;
71.405664984;
73.8909165227;
75.9573916954;
80.5958649527;
78.5345362839;
73.0045606535;
72.2161905269;
71.9497982589;
69.6772445105;
70.6208496061;
70.9608193143;
69.7902218672;
72.6266454024;
78.628966421;
72.1353537606;
83.132956077;
78.7538932899;
76.9570314698;
72.0246073413;
72.4078770388;
71.8540656914;
72.4288490129;
73.3227975954;
68.6680545623;
65.9406879566;
69.3474449243;
73.1006025405;
78.7081836634;
86.2877418431;
73.8758754564;
68.8607564307;
70.9280007645;
68.9556653267;
71.8989371077;
68.6769460789;
70.5850826301;
73.6202725868;
76.4811141204;
75.2048816648;
73.301773278;
67.3665081667;
74.9332652868;
71.830136597;
71.8869708402;
71.0264656661;
71.7703209475;
72.5636982997;
77.6796269134;
71.9737354466;
70.182958136;
74.1527306023;
78.1509610351;
80.7765544985;
75.3015044694;
71.5640347303;
73.1096077825;
69.2910246311;
70.8892191832;
69.8140113117;
73.9962214027;
72.0575283409;
75.7910437;
83.8422403454;
85.927762522;
82.6341096443;
77.6006212011;
74.393645075;
72.4498222208;
70.9996088497;
71.0145290485;
74.011267444;
75.2622484149;
80.8286328404;
71.5969128536;
