0;
0.1034803892;
0.1007674426;
0.2217341548;
0.1345355437;
0.2304754319;
0.2751787976;
0.3243699634;
0.2456349184;
0.4329322987;
0.3596649803;
0.0453422187;
-0.0565952845;
0.0449657661;
0.0057895321;
0.0970071087;
0.0322844791;
0.1630361341;
0.2229715822;
0.2020028717;
0.2434842619;
0.3038649073;
0.205498026;
0.3644962204;
0.4573470606;
0.5629917972;
0.5192857455;
0.6431402227;
0.7001569715;
0.626393419;
0.644405092;
0.6840589379;
0.7642918573;
1;
0.8590431799;
0.862907691;
0.7438556548;
0.4190287553;
0.706255384;
0.7739720994;
0.6519988969;
0.7061437;
0.5487038133;
0.7907066949;
0.7469112806;
0.6534632394;
0.6186529069;
0.5907721811;
0.5396430722;
0.3806546281;
0.624906889;
0.4242002587;
0.4670924987;
0.3686184316;
0.3836336896;
0.3170116469;
0.3668501896;
0.4905734368;
0.4905734368;
0.4905734368