0;
0.0068359072;
0.0301151463;
0.0785857901;
0.1431268323;
0.1901713129;
0.2256722249;
0.211256503;
0.185957393;
0.2314277663;
0.2409822933;
0.248801356;
0.2678761834;
0.2833300939;
0.2804517311;
0.3313545511;
0.3213361322;
0.2729861608;
0.2726139886;
0.2848036358;
0.2891851941;
0.2659487273;
0.2985887738;
0.3169172129;
0.298407645;
0.2843035029;
0.2921493755;
1;
0.9380943153;
0.790005787;
0.743567477;
0.6544178886;
0.5651855436;
0.5258625434;
0.6071352474;
0.6110451357;
0.6278056883;
0.5766131132;
0.5318580775;
0.5373045557;
0.5219647047;
0.4907556047;
0.4385263241;
0.4075318384;
0.3969524718;
0.3777175283;
0.3836547769;
0.3571184027;
0.3722712695;
0.3991237991;
0.3709131378;
0.3412062641;
0.3707336095;
0.384099327;
0.4040133608;
0.3825952693;
0.4527124481;
0.4632243426;
0.4632243426;
0.4632243426