65.5106608734;
65.060008091;
62.2584794531;
61.1741848618;
62.8974697809;
63.7553088516;
63.173959128;
66.4908552557;
62.2316254192;
61.7154871835;
62.7627531521;
59.0786760491;
60.71441167;
60.814257643;
65.0872889495;
62.2786226762;
61.0274568754;
61.5081222421;
59.1907485054;
63.9924452421;
63.9178830023;
66.566468602;
67.2414594237;
66.6765060757;
61.0007924946;
64.9441097259;
62.9850905399;
67.2759624853;
62.3323492408;
62.4264102783;
64.9032219301;
64.5764486753;
65.2578862358;
72.3095099096;
64.4608568864;
61.9700141216;
67.5798601199;
65.7364009234;
53.7631407084;
61.3611103241;
63.2617163055;
58.9864376899;
61.5281789923;
60.71441167;
60.8075994338;
60.8275748376;
61.4680157034;
55.4163876494;
62.6617829607;
56.9051314271;
59.8647640875;
63.9585494911;
62.9716076061;
63.2819741;
60.6744895837;
61.7288740693;
58.440647344;
62.3793734685;
65.2851965039;
66.3053881882;
56.4505537603;
61.9633112829;
65.7500909927;
61.1474977471;
62.6483246274;
64.474452106;
64.9100359282;
61.1675126957;
63.7282274455;
60.814257643;
60.1563511015;
63.1672103665;
66.1887069649;
57.4066592408;
61.1608407879;
60.8475525693;
62.9446448114;
60.2691443074;
61.7824319144;
63.7485381173;
64.5424434624;
63.9382150994;
63.0862451863;
67.2000640408;
60.927486771;
61.8226111132;
67.8150228033;
61.0007924946;
58.3750110577;
61.8494023947;
62.6415958455;
60.5747251405;
63.4035691882;
66.3053881882;
65.5448461976;
59.4745621254;
61.2609465167;
67.9742677427;
61.5482380626;
67.5383909195;
65.7295562681;
62.224912553;
64.3317530496;
64.0399099982;
65.380814368;
61.2342459757;
65.2510593023;
73.2604639415;
60.6146239271;
66.8830000958;
64.6036574214;
63.6673092109;
62.4532941033;
64.6648919688;
63.6199426559;
63.9111061465;
62.3390662171;
61.8895970391;
61.8627995799;
59.309495584;
58.0865224952;
61.7958239508;
61.6485682099;
60.6079734819;
60.0966674096;
62.3860922425;
62.8839935061;
62.4532941033;
64.0806040131;
63.5049616825;
60.814257643;
59.2501114887;
57.7658484743;
54.6708693007;
61.8494023947;
57.7527731229;
63.999225157;
63.924660113;
61.0741294903;
62.0303512459;
59.8118022971;
58.3881362211;
60.3488081709;
56.7101540229;
67.2483595336;
63.3089880726;
71.5110183122;
63.6199426559;
64.277421021;
66.6283567456;
62.877255753;
63.8840012731;
63.3022341959;
66.7246677467;
60.9408127579;
64.5084446056;
59.3556978057;
59.1314066401;
60.375371089;
61.5014371744;
61.8561008586;
62.8300986546;
63.4103268992;
61.0607931656;
58.2241469548;
58.3028413775;
64.1145226987;
64.6172633195;
61.4680157034;
61.3410729176;
59.9839889169;
60.0370047428;
65.0395501104;
65.6405987661;
62.0236460921;
61.6954087865;
61.1942029093;
62.8974697809;
60.5082478817;
60.1895177908;
63.2887272096;
64.467654369;
59.9442379551;
66.3397200713;
62.54741983;
61.9700141216;
62.4196899638;
62.1980636582;
62.998574498;
57.6090135944;
61.9767172176;
59.7125437811;
66.6833855589;
72.7631469092;
70.6314025843;
68.1197810069;
66.1544028381;
66.9243260824;
65.9007485027;
63.7553088516;
66.4221423161;
66.4084027536;
64.5288431569;
60.7210662569;
62.8503073023;
65.3261695081;
63.2752212461;
63.5725886111;
63.1942069475;
61.8360062391;
65.4628120521;
60.1696169988;
63.6673092109;
61.0407906163;
60.5481311288;
63.4373602986;
61.554924935;
48.3084660522;
65.1418628403;
62.6012285396;
63.0592649822;
61.7288740693;
65.6748081308;
64.8827814589;
63.511723226;
66.6146020613;
66.0652416454;
68.9464391293;
67.2828638513;
68.800301278;
67.5522129827;
68.7237968005;
69.2460169069;
64.6308702343;
65.455977519;
65.9213021872;
61.9633112829;
64.3861013654;
65.647440133;
59.23691789;
78.5324734013;
74.3659358595;
75.8010097182;
66.8141435826;
67.6766567073;
63.6402410763;
63.6267085407;
67.0966151646;
63.5996465332;
62.8435708302;
71.9628750253;
69.7346866216;
55.3197828097;
60.7809691838;
63.6673092109;
59.0523170139;
63.829803767;
62.937904753;
65.3056818658;
63.0929908772;
64.5356431825;
62.5743221325;
59.7787096255;
67.3380838214;
70.4348986953;
68.6334213649;
67.0690383497;
64.2366826905;
61.3945111615;
63.7823943401;
65.9075994782;
67.2276599577;
64.2163169622;
64.5492439965;
69.4343593266;
56.5283894573;
63.4103268992;
71.0672091362;
65.9898308927;
65.5243342437;
64.8146630568;
63.850125919;
64.2977936228;
63.5252470793;
59.8647640875;
64.2502611157;
60.4617292138;
60.2359620526;
68.876835954;
58.3356418503;
68.8698770086;
62.9648665233;
67.0966151646;
63.099736824;
63.2077067728;
61.401192103;
62.3995305608;
62.8907315155;
57.0287398906;
66.14754277;
72.9477243366;
68.8559598662;
67.1173004155;
66.8967744182;
67.4002254995;
64.4064861821;
63.0592649822;
63.8704503664;
61.1608407879;
61.3210378334;
57.5567689303;
71.8780749781;
74.2444038791;
72.7489555193;
68.556982809;
70.3577539003;
64.7465700484;
67.5867725314;
68.5222480035;
63.0120594802;
67.4209439117;
66.6421124376;
69.6857647931;
73.9944131621;
65.5516840218;
65.9281539208;
72.6000052405;
69.5460552839;
65.6405987661;
65.9075994782;
63.4103268992;
66.6627478648;
64.9781898684;
63.7823943401;
64.6989200558;
65.6269167912;
65.1759797631;
63.2212076214;
59.8581429541;
68.8281285757;
62.9446448114;
66.7590764946;
65.455977519;
66.1406829544;
63.7553088516;
63.4441192872;
60.3156103567;
59.08526646;
72.3307516496;
59.3160951198;
73.694819452;
69.2808814362;
64.2095288953;
66.9036619569;
63.8975531998;
66.4977279361;
65.189628307;
63.6334746809;
63.8094839106;
59.2303214815;
62.4532941033;
73.9159064594;
69.0926869754;
69.874530388;
69.9374925097;
68.196046297;
64.4404659645;
66.2024303825;
65.1555088488;
62.2853375977;
60.814257643;
67.2552598947;
72.9122157919;
67.4071313858;
72.1891818745;
64.7397621445;
64.2163169622;
65.3193400406;
57.9424684864;
61.1074748232;
59.2501114887;
62.8098923129;
62.3525009404;
62.124250401;
67.483112704;
62.0236460921;
70.4208701378;
67.3380838214;
67.4554796195;
65.1964529592;
63.7417676382;
64.6444781657;
62.2047754965;
65.2374061957;
61.4680157034;
69.7626474216;
61.2609465167;
57.2371375909;
70.3507422247;
66.7246677467;
68.8142144277;
69.944489543;
66.3534545902;
65.8048613847;
67.9050145279;
67.9881213914;
66.7728417561;
73.0258647264;
74.258698098;
67.4002254995;
67.151780861;
67.2345595651;
66.5046008686;
68.5014101186;
66.1818456348;
67.5936851938;
67.7250734339;
66.6558691372;
62.9042083026;
65.2783685568;
60.003867904;
69.3366776343;
63.5996465332;
65.7843205914;
65.223754103;
64.9986409989;
64.8010424234;
66.4221423161;
63.8975531998;
61.4746994818;
61.4078733023;
67.1931656898;
65.223754103;
68.2931549978;
64.8555310513;
63.2752212461;
64.3249606552;
67.946563451;
68.9812500708;
66.9312146275;
71.8710099091;
64.3317530496;
69.3506291741;
74.5233172119;
71.0460998283;
79.3505353381;
71.8074353782;
75.3335434766;
73.4241303219;
70.0214733014;
73.075605883;
71.1094344272;
71.6168316022;
70.3717779953;
73.0329698701;
72.1255075903;
68.835086024;
74.5948932108;
73.3316073131;
68.5083558304;
65.1350402164;
66.3191201847;
65.0668279251;
66.5389693115;
68.4041963958;
63.7079190703;
71.4546072607;
71.8780749781;
69.7556568487;
75.4557047736;
75.7218279288;
67.5522129827;
65.6132358284;
65.6884936474;
63.5049616825;
66.9381034241;
63.7282274455;
66.7934915366;
64.6512825126;
61.5883631631;
75.2473542681;
68.196046297;
70.3858030821;
69.5879576899;
68.0435460027;
66.4564956347;
67.8427080543;
71.384115663;
69.1066210759;
66.1201050221;
72.8412171085;
74.7811048819;
73.9159064594;
68.3347880203;
63.1267231704;
65.4628120521;
64.3996909888;
67.7527456508;
68.3209093458;
68.4458534212;
69.6158976024;
66.6696268443;
70.0564758515;
77.8627473085;
75.9378474141;
64.8487190842;
66.9587713233;
67.5867725314;
69.0160672468;
69.0439254759;
69.0230314301;
68.5014101186;
68.327848558;
73.19645586;
68.515301792;
73.4953300321;
64.6172633195;
69.490199342;
71.8286246703;
69.8955155261;
62.191352077;
66.3191201847;
65.7021801759;
64.3725127597;
67.4485719759;
68.2445945184;
69.3994674064;
66.4221423161;
70.469974427;
74.0301078018;
73.0400752591;
72.4299090375;
68.5778266903;
70.8281006533;
67.9604150959;
69.0508906565;
67.9811944418;
69.9165029;
71.3911637118;
72.543290776;
81.062010049;
73.5950507575;
73.139576456;
74.3230341656;
68.9534008188;
71.8003727738;
71.8498161807;
68.9116344234;
67.731991112;
69.3645817098;
65.128217846;
78.5689298454;
75.5060268957;
65.8459497974;
69.2460169069;
69.8325668204;
64.6444781657;
68.3000932097;
68.3070316716;
65.7295562681;
68.835086024;
70.6665130025;
68.0574046594;
66.4908552557;
68.7029371853;
64.4132816298;
64.2095288953;
66.3122540603;
65.3671516331;
66.4839828274;
68.9812500708;
68.0574046594;
66.0652416454;
67.7043219037;
71.3277401626;
62.4264102783;
68.556982809;
70.0844823605;
66.174984557;
68.8837951489;
66.2985225683;
65.455977519;
66.6214792775;
68.1683099607;
71.4123093395;
63.5522978508;
75.6139000944;
68.0574046594;
75.0750809114;
76.8402760122;
80.1201964977;
77.6956340028;
68.0712643176;
70.1685257164;
68.2029810066;
69.085720299;
69.7207077132;
71.3770678612;
71.1587085139;
71.1727890488;
71.9982188484;
65.7295562681;
67.151780861;
66.0583848596;
65.9966851527;
68.6820798172;
70.2035543286;
70.9054279876;
71.9346044009;
69.6368551483;
68.3347880203;
75.0248609128;
73.3387229978;
76.6739452601;
76.0026958309;
72.4369935524;
71.6591724606;
71.9628750253;
70.4559433907;
71.2502496591;
73.1182507248;
68.6959844796;
67.4416645833;
70.954651878;
73.3102617289;
71.2150365844;
69.3297022379;
63.5455347748;
66.9312146275;
72.5574679177;
67.2483595336;
66.6833855589;
69.4622773432;
70.2806391082;
64.9168501801;
62.224912553;
74.4875383564;
63.6334746809;
62.6146832823;
66.9036619569;
69.5251074395;
70.2736301606;
68.515301792;
70.3998291607;
70.4489282444;
73.8017676915;
63.5658247689;
75.3766512083;
73.1609043938;
63.4306015654;
73.4597271161;
72.5007652496;
71.4193583759;
73.9016356908;
70.6524680922;
72.6212772191;
74.4660739697;
72.9974466046;
74.9459678675;
80.0247621768;
82.192885968;
80.5317593322;
79.9587159087;
72.4936785221;
70.9827852573;
70.3156875665;
71.7721248213;
72.9619294722;
71.0742460667;
71.6238877953;
79.6434287081;
69.0787538719;
79.8193484562;
77.9281741465;
70.4980394735;
71.3488791232;
71.1727890488;
71.2079947107;
70.6524680922;
71.1939117046;
72.7489555193;
71.9840805802;
69.2529893146;
73.9587246314;
73.1893450765;
68.9603627577;
73.7019476224;
65.7227118657;
72.4865920405;
68.2584676904;
70.1335033081;
67.6213383518;
69.3645817098;
66.7728417561;
65.339829203;
74.9603098667;
73.2391257085;
65.5516840218;
74.1372283657;
72.3165902436;
70.2736301606;
72.543290776;
70.126499571;
70.0074740194;
74.5519446856;
69.8185809524;
71.7015221982;
74.9889967865;
75.6570646731;
70.9405866725;
74.9603098667;
69.1484293592;
68.4666853083;
71.7650634495;
71.8356882606;
73.3102617289;
71.9911495912;
70.2315816844;
73.5166947198;
78.2992943745;
