0;
0.0178945743;
0.0194173598;
0.0201801404;
0.0513036471;
0.0726566973;
0.1101676368;
0.1582015569;
0.1658554953;
0.1891180357;
0.2335787277;
0.2787114479;
0.3110224876;
0.3224248289;
0.3255609153;
0.3484420993;
0.377229637;
0.3877361663;
0.3674214374;
0.379546853;
0.4169551248;
0.4419435795;
0.4764878383;
0.5140309256;
0.5113303981;
0.587277406;
0.6222888204;
0.6302191493;
0.6408347278;
0.6335307594;
0.6186689364;
0.6536573437;
0.6822730938;
0.724980064;
0.7762109153;
0.8238356107;
0.8520249184;
0.8598733466;
0.8670117193;
0.8581258233;
0.8478656367;
0.8423627528;
0.8807431962;
0.8888895916;
0.9019389118;
0.9162910235;
0.9338044749;
0.9176294863;
0.9046639275;
0.9088055443;
0.9168336518;
0.9261270868;
0.9457922916;
1;
0.9997151193;
0.9598421611;
0.9521604626;
0.9512516826;
0.9512516826;
0.9512516826