71.5969128536;
66.9888295767;
67.5614170821;
68.7925570731;
66.4731717334;
66.4820047563;
65.2154469925;
65.065904184;
69.3296269816;
70.2186836236;
67.5880044322;
68.3392330537;
66.9416501095;
66.9504957451;
65.7996229486;
66.3936852616;
65.7261759114;
70.9906570362;
68.1882605252;
66.3465912881;
66.9740852677;
66.3966288603;
69.1425947835;
66.5526775224;
65.3269163704;
66.9298562981;
67.8687782021;
64.8666223709;
68.0935673198;
65.6351247417;
65.5558430142;
66.9681877288;
67.006523618;
67.5761875698;
66.8207835656;
67.4964347319;
66.2024082524;
65.4501643443;
67.1717137659;
67.2690966397;
66.7029077801;
67.4137483047;
68.923037398;
67.6057305131;
68.6591632797;
63.3060136195;
65.7702421337;
63.7844793253;
66.6970151011;
70.1085419047;
66.2965613824;
65.168524093;
68.5761892592;
67.466901501;
63.9947683468;
67.7357506201;
69.4246667572;
69.0654368328;
67.2897572973;
68.090608588;
66.2406546823;
66.6616612487;
66.8679457168;
67.6441402612;
65.0483154996;
67.1894176106;
65.732051061;
65.0512468799;
66.070051438;
63.7202524127;
66.6115831455;
64.6118401828;
67.1569612862;
65.4090764421;
62.9447337525;
68.3007434183;
68.3125859138;
66.7795222307;
65.359191039;
65.1567944405;
66.3819111317;
71.1189882707;
68.0314394392;
65.9994831527;
68.1468289579;
67.7653077215;
67.5939130209;
68.4369572937;
63.5889201524;
67.5082487596;
64.702601274;
64.3250884684;
65.3885344572;
66.4466740958;
66.7235329895;
65.1714565732;
69.7129175524;
67.4757611945;
66.2583083944;
66.3112752645;
67.8776485927;
65.6380614759;
69.2761787365;
69.1425947835;
63.2681177992;
69.0773061473;
67.4521358704;
66.3848546244;
67.517109556;
69.2435200439;
66.6557693102;
66.8266784648;
65.8789644628;
69.2821170168;
66.2671356088;
66.0494674387;
65.5147416373;
68.5317472792;
66.228886072;
67.1628621991;
68.6028572567;
68.1853009578;
67.7741753628;
65.7261759114;
66.0729921157;
64.4274700412;
65.7908084241;
68.3747658579;
68.3984564788;
68.2089782273;
64.1525773309;
66.0876959032;
64.8549037807;
66.4290101967;
65.4472293203;
65.9289301952;
67.7446174754;
67.9249613203;
66.3407050188;
69.0506007725;
69.3325965742;
68.1705035127;
68.5880414424;
71.7254658563;
70.025214776;
67.5112023321;
67.9693230847;
69.487050982;
71.10107876;
68.8844811645;
71.860048218;
69.5256754921;
68.0432724328;
68.1793819015;
66.7294261445;
66.9858806622;
64.9310823054;
64.529884682;
67.3576513899;
65.9877232617;
66.8060467801;
65.0365902469;
68.2119380034;
67.8244297827;
65.8995376557;
65.2447772889;
64.047362566;
66.3760242259;
65.6321880343;
66.6380941299;
65.5294200992;
66.3760242259;
68.7806977171;
66.434898057;
72.072493442;
67.5584630633;
69.7783277627;
63.8165977109;
67.2690966397;
66.3554208909;
63.2564584745;
65.3621252604;
65.9700842237;
65.6263146995;
65.9171728598;
65.4501643443;
67.46099517;
65.9289301952;
65.8025611767;
64.0619736291;
65.1861193761;
69.0446665297;
67.3222266494;
69.0862084052;
66.0612295644;
66.3524776634;
66.6439857509;
65.3298502973;
66.1759325844;
69.742647921;
65.5029993489;
69.2821170168;
68.5673003949;
68.8696530113;
67.4344179807;
68.9645643972;
69.2702405597;
67.5052952133;
69.5078482532;
66.3995724856;
66.5998011738;
66.5320630564;
64.1438080938;
65.5910769338;
66.2024082524;
65.7438016802;
70.605946252;
67.2159751549;
68.3007434183;
67.5761875698;
65.4560344725;
69.3207183592;
67.5909587135;
67.9013041192;
68.3273896197;
67.7416618307;
70.6238303536;
70.9101010376;
68.143869756;
67.8244297827;
69.3593240696;
69.1336910498;
71.10107876;
68.3096252508;
67.579141746;
69.8675435842;
71.2533388029;
68.6236004889;
70.5403790883;
69.1485307354;
69.0802735407;
67.7534845665;
65.3738624136;
71.3608563054;
68.6976938604;
66.6793376988;
68.8933783677;
69.0535679328;
71.477370754;
67.5496011643;
65.6615563101;
68.7569802515;
69.5316181115;
68.1793819015;
65.8466377971;
67.1687632173;
67.7091514692;
63.3614081101;
64.5767138088;
71.1160032886;
67.0448639642;
65.6586193624;
70.865355737;
69.7069717878;
67.9220040786;
72.7465753132;
68.6621270146;
64.6528258571;
69.1336910498;
67.4255593905;
65.2359779186;
70.0043861405;
72.1952310804;
69.2969631699;
67.6648242691;
67.6973303058;
63.8720826587;
66.9534443431;
64.328013197;
66.78541639;
68.8904126074;
67.3074674584;
65.6556824414;
67.9160896736;
64.3309379526;
67.2779510494;
68.2504174674;
67.6795993471;
69.2227388689;
69.7515675338;
69.7396747682;
67.2986122595;
68.6354543365;
64.9750397176;
67.3546991836;
69.6237419053;
66.4172347941;
66.420178605;
68.0669396743;
67.455088944;
67.3546991836;
69.0268644232;
71.0622779647;
68.7747681948;
70.1650967776;
68.1409105802;
67.0035745452;
65.8436991692;
68.8755841947;
65.4736454991;
67.0478134061;
67.2572911284;
67.7416618307;
66.4584505586;
65.1831867619;
69.6891351122;
67.9279185881;
69.555389621;
67.6086849517;
67.6884647085;
68.39549506;
69.3236878742;
68.7747681948;
67.8658214575;
70.5373990568;
67.2307302675;
69.2791478638;
68.8548255067;
71.1816787743;
69.555389621;
70.4360932106;
69.6831897598;
70.9697703633;
73.277746987;
67.0212693776;
67.1746643409;
67.0301171498;
68.9378678857;
67.1274583021;
68.3688434633;
70.3973664426;
65.1010844509;
66.3583641449;
64.5123255393;
68.825172444;
68.8281376335;
66.8502591178;
68.072856746;
69.1455627465;
66.5703480975;
70.2097519053;
67.7416618307;
70.456947878;
66.1112233457;
69.1218197672;
66.6528233807;
67.4255593905;
68.8815154819;
71.5759900565;
70.7013387592;
68.5584117647;
69.0802735407;
67.8096482853;
68.2267372755;
68.8459293154;
71.812190839;
68.6028572567;
68.3333112846;
69.0743387799;
71.1040636148;
67.7268840006;
67.0183201729;
66.6881762809;
68.1882605252;
69.6831897598;
69.1485307354;
69.059502331;
67.5230168849;
68.9289695153;
67.9486201956;
67.2041715386;
65.9054159506;
64.4713579828;
66.0465269737;
68.499160215;
66.4407860234;
67.3517470036;
70.3646010195;
69.906210965;
67.165812695;
70.3675795662;
69.2197702331;
67.6825544413;
66.1318112536;
68.8874468729;
65.9259908214;
69.6653543211;
67.2602424668;
65.1831867619;
67.0153709946;
68.7806977171;
67.0832087658;
67.9959429678;
66.4731717334;
67.6086849517;
68.7747681948;
68.2148978057;
69.8943128464;
68.3125859138;
66.823731002;
65.7438016802;
65.3445203335;
67.431465091;
68.1468289579;
68.4103024145;
70.4927016544;
70.6745069716;
67.4373708966;
68.7480866304;
66.5291182386;
67.6411855078;
68.1142791736;
67.2809025719;
66.8797373109;
68.9645643972;
72.749574076;
69.6594093809;
69.3088405578;
69.3296269816;
69.1722755785;
67.3724128159;
67.6264121343;
66.4643389491;
69.8556468032;
65.2594434418;
67.6027761007;
68.1853009578;
67.1038578116;
66.0788735509;
67.3340344755;
70.5135597258;
69.1099488989;
69.7248093908;
70.060923937;
69.8467244876;
71.0682470377;
70.5344190509;
68.8518600837;
71.7284560185;
69.0149968704;
69.0921433732;
71.8630395193;
71.4654187769;
69.6504921641;
67.8539947412;
67.9486201956;
70.7371176945;
67.8126045324;
68.7214071698;
65.1626592131;
70.8146513354;
68.4843489542;
69.2999324781;
69.8437504338;
71.1219732783;
69.6237419053;
63.8954476727;
65.0834938344;
65.5529070279;
67.8746917696;
67.027167866;
67.466901501;
65.3122471374;
65.3093133711;
69.1989905067;
67.8953900805;
72.144334715;
67.1805655698;
68.4428808867;
67.46099517;
70.5344190509;
68.55544894;
65.7438016802;
67.8214734308;
66.9504957451;
69.4959639434;
68.6236004889;
67.8303425649;
70.442051559;
65.197850101;
66.3465912881;
66.0112434694;
67.4491828231;
65.9318695956;
68.0521474524;
71.7852739106;
71.5819678717;
68.2918618205;
68.5880414424;
68.3155466028;
70.6476772538;
69.6831897598;
71.5520798099;
70.0014107239;
69.3296269816;
69.73372854;
66.07593282;
69.5019060467;
70.8355287254;
69.4276371764;
69.7069717878;
68.9882963927;
70.844476561;
66.2818481638;
69.3622939205;
70.263345677;
68.8222072805;
69.5197329759;
68.0432724328;
69.7039989441;
68.1586660264;
68.8844811645;
68.1616253588;
67.0861585504;
66.9563929675;
71.6865960537;
68.499160215;
68.7065861566;
68.8607564307;
69.2999324781;
69.9002618543;
73.6954312134;
71.2832014715;
69.9359580617;
70.5999850893;
68.7154786866;
70.7222093578;
70.8176337431;
69.7129175524;
70.2812121138;
70.3348169611;
68.9052416686;
68.8666874585;
65.9289301952;
65.5763956665;
64.6879606375;
67.5230168849;
70.1323533534;
70.9190507863;
71.0951091268;
71.543113886;
68.1616253588;
67.8451249787;
71.9258626892;
68.9052416686;
69.7307554645;
73.1006025405;
63.6939815566;
68.0876498824;
70.27227878;
70.7341359761;
70.9488849393;
69.4127853387;
67.9574927055;
70.7073016596;
66.3024468556;
68.5969308529;
66.0553484484;
68.6384178634;
70.1293768325;
68.2829804574;
65.5675872266;
71.3369606807;
71.7613494734;
67.7002855573;
67.8185171052;
68.9260034437;
68.8281376335;
68.4073408915;
69.0713714383;
67.8924331005;
68.8311028489;
69.4068447844;
74.0985467378;
70.8593901306;
68.3895723006;
72.8395486372;
69.9300084367;
69.3355661925;
70.0073615828;
68.1823414166;
71.1100334008;
69.5137905629;
68.277059679;
70.346730277;
68.075815321;
68.4932356326;
66.8620500782;
66.1818158802;
66.2435969013;
69.9776083165;
67.2277791924;
65.2799771812;
66.070051438;
64.7846012753;
65.6263146995;
68.9764301876;
70.2067747172;
68.075815321;
68.9082075586;
68.6295273607;
66.4555064032;
67.632321405;
66.8502591178;
64.7553131382;
67.7475731462;
66.7264795538;
65.5646511334;
66.7146934554;
68.3481159029;
70.5493193363;
69.7813012502;
71.0145290485;
70.8325461645;
72.3988894278;
69.8288805511;
69.4900219433;
70.3824726842;
71.0951091268;
69.4424896596;
71.6238154183;
71.9168872677;
74.7010410435;
71.6537095651;
69.2791478638;
69.6504921641;
70.2603680272;
67.9870694381;
69.5821345424;
70.6625823971;
72.6206499624;
68.7510511448;
68.3244288264;
68.1912201186;
70.8981683963;
72.5307304347;
72.5457154505;
70.1383064723;
68.0698981971;
72.2131962446;
69.3919938506;
65.9994831527;
67.9072182625;
70.6715257897;
68.6087837644;
69.237582436;
68.4843489542;
75.0750844842;
72.7945585321;
70.442051559;
69.4603134915;
70.8683385785;
72.1323601596;
73.0435745758;
73.7916569852;
70.9160675112;
70.3348169611;
68.9853298025;
68.1645847173;
66.7117469969;
69.3147794068;
69.7545407895;
69.9895093146;
69.0743387799;
71.7463975231;
67.856951381;
69.9805835275;
68.5110096921;
71.9408222306;
70.4837628647;
71.1995924078;
71.6507200363;
70.0222391796;
70.7907929925;
71.3907281228;
69.9567825593;
69.9984353331;
73.4700021045;
68.9260034437;
67.919046863;
70.561240025;
67.6618693322;
69.2613334884;
72.3210062962;
69.6326584262;
72.8545465939;
74.6377325893;
71.0921243484;
72.3120208772;
70.4867424357;
69.6653543211;
67.7800872546;
71.1219732783;
68.1764224124;
70.3377952516;
72.7315818758;
70.4063030049;
75.6912704894;
71.2682698194;
70.0966367965;
68.5080472838;
71.3518952556;
66.5438425924;
69.9686828377;
69.8110375411;
70.8713214455;
74.0202953672;
70.3765153602;
73.6713787576;
67.8806054419;
