-0.0553157514;
0;
0.046849844;
0.0577081296;
0.1243919766;
0.1295194482;
0.1873975668;
0.2376456932;
0.286715516;
0.2603357087;
0.3287359479;
0.3308097876;
0.2649357437;
0.2639021964;
0.3071478696;
0.2864958017;
0.3286224799;
0.3201959021;
0.3515676106;
0.3586238697;
0.3569477527;
0.3898433875;
0.4127021904;
0.4148453038;
0.4858329075;
0.5112989339;
0.5825354663;
0.6092276184;
0.8350800014;
0.8360289712;
0.7789793302;
0.760141474;
0.7912487209;
0.8114412107;
0.8887298067;
0.8971976216;
0.918469815;
0.9104330147;
0.8040530076;
0.8955276438;
0.925219654;
0.8876358171;
0.8932445431;
0.8573964255;
0.930969306;
0.9263616007;
0.8925991232;
0.8924061108;
0.8762081162;
0.8652587294;
0.8428752888;
0.9128982356;
0.8747328552;
0.9010778764;
0.9118435781;
0.9221327299;
0.9008856334;
0.9589313962;
1;
1;
1;
